n = 20 ; 
T = 96 ; 
Init = [ 1 0 1 0 1 1 0 0 0 1 0 0 1 0 0 1 0 0 1 0 ]
L = [ 9 15 10 7 18 13 14 7 8 19 17 17 17 13 6 16 9 7 6 8 ]
l = [ 9 15 10 7 18 13 14 7 8 19 17 17 17 13 6 16 9 7 6 8 ]
Pmin = [ 181 305 203 100 378 268 297 140 184 378 337 369 343 246 90 293 168 111 104 133 ]
Pmax = [ 181 317 203 109 407 270 309 140 184 394 361 373 370 260 90 319 168 111 104 133 ]
cf = [ 17.4238 19.5089 16.8093 34.2366 40.1 50.9556 43.9063 24.1855 16.4961 22.2047 61.1858 61.0169 27.0862 12.7026 69.7836 54.3595 39.9324 30.6172 43.9898 31.5351 ]
c0 = [ 145 207 148 83 250 192 209 123 151 250 246 250 232 181 89 201 127 92 101 105 ]
cp = [ 34.6849 11.2941 22.0813 40.133 11.4618 20.6771 16.8978 32.525 27.3677 16.4513 16.4702 13.6604 17.2163 32.3009 35.4276 11.9841 23.8069 24.5122 35.1153 27.1265 ]
D = [ 917 957 1087 1323 1297 1494 1542 1698 1887 1984 2156 2200 2277 2394 2592 2685 2911 2933 3107 3117 3298 3429 3575 3730 3722 3728 3531 3335 3077 3078 2869 2726 2470 2445 2240 2323 2507 2715 2832 2908 3090 2829 2574 2283 2018 1663 1518 1182 845 1072 1096 1252 1442 1605 1663 1838 1952 2202 2281 2354 2559 2746 2852 2938 3091 3299 3415 3409 3639 3742 3925 4078 4136 3931 3751 3664 3464 3166 2920 2750 2543 2360 2209 2396 2580 2691 2741 2903 3127 2905 2614 2341 2169 1848 1700 1369 ]
