n = 20 ; 
T = 96 ; 
Init = [ 0 1 0 1 1 0 0 1 1 0 0 0 0 1 1 0 0 1 1 0 ]
L = [ 13 14 19 4 18 6 14 17 10 10 16 13 9 14 15 16 6 5 11 18 ]
l = [ 13 14 19 4 18 6 14 17 10 10 16 13 9 14 15 16 6 5 11 18 ]
Pmin = [ 278 279 378 54 378 100 272 321 183 184 357 295 137 279 312 352 107 58 225 362 ]
Pmax = [ 278 284 419 54 407 100 294 355 193 184 364 295 145 281 333 358 107 61 225 385 ]
cf = [ 50.7034 15.847 14.2731 61.9139 61.1312 35.0051 50.388 56.8167 39.5361 40.8267 20.7012 47.7948 20.3864 45.3705 63.1158 36.4544 60.5063 60.8613 19.0855 34.5902 ]
c0 = [ 192 204 250 57 250 85 206 231 144 148 245 212 111 198 229 240 106 56 164 245 ]
cp = [ 20.3309 26.3516 15.2993 36.0151 15.5435 39.4829 24.695 13.0017 27.0523 30.5753 22.1788 25.5077 34.7219 28.4294 13.1884 14.7228 38.2142 40.5871 22.6174 14.2152 ]
D = [ 817 852 1136 1295 1377 1456 1701 1867 1941 2141 2304 2489 2546 2728 2861 3110 3233 3446 3614 3623 3889 3977 4058 4326 4477 4240 3985 3766 3614 3353 3129 2963 2772 2488 2327 2688 2767 3133 3318 3504 3728 3343 2982 2718 2361 1979 1621 1232 922 1115 1180 1398 1545 1599 1686 1782 2008 2138 2252 2404 2581 2640 2830 2957 2972 3120 3242 3409 3546 3566 3726 3830 4029 3846 3673 3575 3394 3172 3012 2760 2602 2564 2402 2471 2757 2950 3174 3368 3749 3415 3090 2788 2384 2119 1815 1484 ]
