n = 20 ; 
T = 96 ; 
Init = [ 0 1 1 1 0 0 0 1 1 0 1 0 1 0 1 1 1 0 0 0 ]
L = [ 14 13 6 6 17 18 9 9 12 12 12 9 9 8 8 5 17 17 5 12 ]
l = [ 14 13 6 6 17 18 9 9 12 12 12 9 9 8 8 5 17 17 5 12 ]
Pmin = [ 255 237 114 114 347 378 167 167 220 257 257 177 177 163 163 70 353 353 76 233 ]
Pmax = [ 271 258 114 114 352 390 167 167 233 263 263 177 177 163 163 70 354 354 78 238 ]
cf = [ 34.9642 34.1933 29.3713 29.3713 45.1526 66.6127 34.6383 34.6383 27.5535 64.4292 64.4292 50.0428 50.0428 69.396 69.396 30.6107 61.4799 61.4799 59.9284 10.4301 ]
c0 = [ 179 182 104 104 233 250 122 122 168 186 186 138 138 122 122 75 250 250 72 168 ]
cp = [ 17.7393 29.4387 38.5345 38.5345 16.8176 15.0593 23.8191 23.8191 28.1241 29.3911 29.3911 36.1941 36.1941 32.8096 32.8096 40.7978 17.4501 17.4501 40.5083 36.8524 ]
D = [ 777 764 933 1099 1212 1335 1349 1460 1570 1783 1789 1978 2014 2113 2265 2350 2510 2582 2663 2857 2908 3069 3214 3340 3386 3233 3129 3030 2865 2711 2566 2434 2314 2067 1988 2197 2287 2597 2644 2892 3143 2789 2500 2221 2012 1762 1456 1135 920 1111 1127 1281 1352 1411 1543 1603 1819 1802 2044 2155 2202 2308 2323 2496 2623 2700 2780 2979 3036 3106 3205 3280 3471 3271 3076 2950 2779 2659 2513 2402 2211 2136 1918 2197 2422 2575 2812 2989 3182 2934 2654 2327 2081 1873 1615 1234 ]
