n = 20 ; 
T = 96 ; 
Init = [ 0 1 1 0 0 1 1 1 0 0 0 1 0 1 1 1 0 0 0 1 ]
L = [ 12 16 7 8 13 16 14 15 6 18 9 7 9 12 19 19 5 15 8 10 ]
l = [ 12 16 7 8 13 16 14 15 6 18 9 7 9 12 19 19 5 15 8 10 ]
Pmin = [ 239 331 80 131 239 329 307 299 114 378 181 133 152 247 378 369 84 327 131 193 ]
Pmax = [ 239 343 84 131 251 359 309 299 114 406 181 133 166 247 420 403 84 327 132 205 ]
cf = [ 28.3206 36.4833 69.2938 33.6491 16.9911 22.2775 44.256 51.7847 22.1896 66.4577 67.8978 61.3458 54.7092 52.8127 17.2593 33.4381 69.1792 57.6526 44.5923 66.2423 ]
c0 = [ 179 239 85 106 179 226 221 205 109 250 130 116 125 173 250 250 77 239 117 138 ]
cp = [ 22.6256 18.0971 36.1105 34.0605 17.6726 19.9048 11.9825 16.815 39.9356 11.7835 33.1194 39.4369 28.9289 34.6441 12.8803 11.0978 38.4296 11.0283 27.7118 30.8321 ]
D = [ 820 862 960 1197 1217 1355 1471 1690 1743 1936 2108 2176 2254 2447 2609 2811 2832 2975 3158 3174 3394 3446 3562 3750 3942 3646 3505 3380 3263 3067 2846 2725 2617 2363 2174 2496 2614 2775 3009 3228 3451 3069 2919 2608 2289 1995 1755 1503 1249 1339 1359 1598 1713 1773 1885 1969 2149 2130 2271 2363 2496 2584 2772 2867 2990 3197 3317 3341 3505 3597 3762 3739 3875 3779 3644 3409 3230 3011 2795 2694 2450 2315 2162 2285 2639 2674 2943 3186 3262 3110 2882 2529 2350 2018 1821 1474 ]
