n = 20 ; 
T = 96 ; 
Init = [ 1 0 0 0 0 0 1 0 1 0 0 1 0 0 1 0 0 0 0 1 ]
L = [ 15 17 13 8 10 18 17 7 12 9 13 16 15 11 13 17 11 13 15 15 ]
l = [ 15 17 13 8 10 18 17 7 12 9 13 16 15 11 13 17 11 13 15 15 ]
Pmin = [ 303 351 259 151 162 378 378 141 229 181 276 343 292 215 279 364 211 242 300 298 ]
Pmax = [ 315 367 259 151 176 401 388 141 248 181 276 366 308 228 291 376 211 258 309 304 ]
cf = [ 30.8152 14.5339 41.0055 56.8957 30.8659 8.16363 39.3269 24.2502 25.1985 14.8947 67.46 31.0961 19.045 41.6024 40.1698 13.2951 14.5294 43.3755 20.3661 51.932 ]
c0 = [ 206 235 190 115 138 250 250 108 172 134 198 232 215 155 210 250 148 184 209 205 ]
cp = [ 18.7936 16.81 24.8497 30.512 36.2202 23.0185 12.5294 30.6913 28.5534 17.6567 23.9203 22.5893 16.5813 27.7147 13.7151 13.171 18.4382 33.4965 14.5333 16.7789 ]
D = [ 973 1059 1313 1396 1590 1610 1943 2083 2190 2369 2424 2663 2738 2949 3192 3232 3410 3533 3741 3786 4111 4230 4280 4493 4743 4536 4197 4073 3896 3704 3445 3242 2979 2819 2542 2965 3110 3452 3652 3749 4112 3646 3467 3184 2773 2474 2075 1892 1392 1543 1717 1983 1997 2250 2336 2361 2558 2642 2814 3053 3064 3213 3359 3472 3583 3793 4031 4001 4152 4432 4524 4701 4703 4589 4411 4248 3960 3737 3516 3360 3149 2963 2729 2801 3137 3257 3423 3611 3884 3531 3062 2861 2519 2058 1831 1461 ]
