n = 20 ; 
T = 96 ; 
Init = [ 0 1 1 1 1 1 1 1 0 1 0 0 1 0 1 0 0 0 1 1 ]
L = [ 12 12 14 14 8 18 18 20 14 13 13 6 12 12 6 6 8 7 7 18 ]
l = [ 12 12 14 14 8 18 18 20 14 13 13 6 12 12 6 6 8 7 7 18 ]
Pmin = [ 236 236 288 288 140 378 378 378 285 248 248 102 222 251 96 96 152 114 114 378 ]
Pmax = [ 236 236 299 299 140 410 410 420 314 265 265 102 234 251 96 96 152 114 114 391 ]
cf = [ 29.5022 29.5022 11.5792 11.5792 46.3854 68.3137 68.3137 60.4273 13.3148 15.935 15.935 34.537 24.149 11.5621 10.7126 10.7126 66.9721 29.0514 29.0514 66.5172 ]
c0 = [ 178 178 201 201 124 250 250 250 196 174 174 84 174 194 91 91 128 99 99 250 ]
cp = [ 14.2413 14.2413 13.3339 13.3339 24.6317 14.985 14.985 9.01925 30.7258 27.7632 27.7632 39.438 25.9746 21.6792 31.5782 31.5782 37.3894 30.0155 30.0155 10.5627 ]
D = [ 872 866 1036 1158 1325 1416 1606 1723 1912 1986 2081 2137 2396 2543 2570 2793 2938 2947 3063 3313 3463 3513 3713 3827 3804 3782 3568 3279 3188 3082 2858 2622 2382 2200 2134 2328 2503 2715 2898 3133 3468 3128 2801 2598 2277 2026 1741 1436 1128 1339 1386 1478 1653 1768 1948 2020 2090 2212 2401 2468 2704 2694 2898 2954 3089 3313 3313 3560 3555 3805 3829 4026 4089 3953 3747 3481 3438 3158 2969 2737 2723 2459 2196 2400 2648 2784 2938 3134 3270 2879 2585 2401 2055 1842 1592 1259 ]
