n = 20 ; 
T = 96 ; 
Init = [ 1 1 0 0 0 0 0 0 1 1 1 1 0 1 0 1 0 1 0 1 ]
L = [ 12 16 17 14 17 6 9 5 5 13 12 9 11 11 13 15 12 20 9 7 ]
l = [ 12 16 17 14 17 6 9 5 5 13 12 9 11 11 13 15 12 20 9 7 ]
Pmin = [ 220 309 374 254 340 121 162 97 114 270 226 143 197 208 271 294 238 378 177 127 ]
Pmax = [ 220 341 385 271 352 121 162 97 114 272 226 153 216 208 289 306 242 420 183 127 ]
cf = [ 64.6871 64.8824 58.516 69.6429 43.3258 15.1852 39.0898 16.2563 41.6543 61.1578 50.1393 40.3599 27.8205 33.9504 23.2446 11.5795 13.3033 17.7485 22.5357 36.4947 ]
c0 = [ 175 218 250 190 243 108 138 82 97 199 167 108 156 151 193 207 181 250 130 111 ]
cp = [ 20.9847 15.2747 13.4156 20.2856 14.8405 36.2797 31.5064 41.5822 40.8727 21.185 29.0294 29.1659 31.2989 23.6758 25.4792 12.4889 19.5342 8.04851 18.894 35.8201 ]
D = [ 871 847 1095 1126 1254 1430 1501 1629 1787 1889 2117 2198 2365 2531 2682 2730 2866 2990 3175 3328 3423 3576 3734 3841 3836 3731 3606 3447 3310 3029 2927 2781 2518 2363 2119 2398 2662 2733 3011 3132 3346 3058 2811 2568 2317 1919 1595 1351 1034 1149 1345 1448 1609 1646 1783 1834 1941 2103 2234 2357 2445 2482 2668 2795 2909 3013 3153 3269 3417 3433 3589 3629 3783 3715 3545 3279 3109 2962 2915 2670 2525 2389 2307 2369 2489 2762 2935 3048 3200 2926 2757 2420 2071 1803 1482 1304 ]
