n = 20 ; 
T = 96 ; 
Init = [ 1 1 1 1 0 1 1 0 0 1 1 1 1 0 1 0 1 0 1 1 ]
L = [ 18 18 15 15 7 7 20 17 8 8 14 14 15 14 14 6 6 16 9 7 ]
l = [ 18 18 15 15 7 7 20 17 8 8 14 14 15 14 14 6 6 16 9 7 ]
Pmin = [ 342 342 322 322 129 129 378 326 129 129 283 283 302 295 295 124 124 333 160 135 ]
Pmax = [ 379 379 322 322 130 130 417 362 141 141 292 292 309 295 295 124 124 333 169 135 ]
cf = [ 52.6322 52.6322 17.1894 17.1894 39.0354 39.0354 18.7589 50.9175 57.101 57.101 7.5279 7.5279 51.1243 43.8484 43.8484 19.9387 19.9387 40.6998 25.5006 53.9706 ]
c0 = [ 244 244 228 228 113 113 250 237 107 107 210 210 209 218 218 107 107 222 135 113 ]
cp = [ 19.9741 19.9741 23.2818 23.2818 27.3683 27.3683 9.70318 12.1508 31.8536 31.8536 16.8454 16.8454 16.9792 13.2179 13.2179 39.8665 39.8665 15.3313 32.4463 35.915 ]
D = [ 533 558 816 1019 1067 1340 1437 1567 1717 1942 1980 2149 2413 2580 2728 2734 2963 3066 3343 3474 3656 3737 3872 4027 4180 4089 3828 3616 3606 3393 3120 3034 2876 2705 2478 2547 2827 2877 3106 3194 3311 3164 2820 2600 2277 1924 1554 1304 995 1214 1300 1508 1645 1699 1889 1992 2139 2236 2360 2515 2564 2788 2880 3009 3120 3330 3420 3485 3639 3797 3827 3917 4180 3949 3807 3622 3404 3355 3133 2906 2761 2499 2352 2542 2719 2961 2939 3135 3346 3103 2921 2649 2315 2098 1827 1663 ]
