n = 20 ; 
T = 96 ; 
Init = [ 0 0 1 1 0 0 0 0 0 1 1 1 0 1 1 0 0 0 1 1 ]
L = [ 12 12 9 6 20 5 17 15 8 5 7 14 15 13 14 8 7 10 15 18 ]
l = [ 12 12 9 6 20 5 17 15 8 5 7 14 15 13 14 8 7 10 15 18 ]
Pmin = [ 210 240 139 78 378 71 323 309 112 68 124 287 292 253 278 146 128 180 309 378 ]
Pmax = [ 216 248 151 82 420 71 351 309 119 68 137 306 297 274 278 146 128 180 309 408 ]
cf = [ 11.0804 28.415 26.4678 55.0689 39.2112 14.896 25.395 11.6619 69.4697 19.1575 62.1146 50.4864 61.5795 45.1357 36.0855 11.0854 41.1458 69.4305 12.8027 48.0741 ]
c0 = [ 163 180 120 84 250 83 228 208 90 76 96 206 201 176 203 117 115 148 215 250 ]
cp = [ 23.8017 18.1045 36.4713 39.0662 10.2093 41.3711 11.9599 12.8553 36.2399 39.3778 34.1399 20.5475 17.8175 21.2263 20.8819 38.3861 35.4018 33.349 15.7601 13.594 ]
D = [ 746 781 882 1114 1224 1269 1515 1671 1711 1868 1982 2122 2306 2385 2512 2566 2756 2853 3098 3246 3319 3500 3562 3709 3743 3579 3414 3200 3047 2830 2674 2458 2308 2124 2008 2193 2278 2469 2680 2837 2892 2662 2406 2254 1973 1713 1484 1100 924 963 1178 1303 1365 1554 1551 1746 1803 1934 2004 2227 2267 2356 2495 2723 2692 2822 2938 3097 3227 3285 3420 3547 3633 3528 3342 3296 3080 2963 2785 2554 2522 2278 2055 2301 2462 2615 2776 3040 3207 2860 2605 2234 2022 1789 1528 1168 ]
