n = 20 ; 
T = 96 ; 
Init = [ 1 1 0 0 1 1 1 0 1 0 0 0 1 0 0 0 0 1 1 0 ]
L = [ 9 11 11 18 7 12 12 10 10 6 6 11 11 17 17 16 16 19 19 4 ]
l = [ 9 11 11 18 7 12 12 10 10 6 6 11 11 17 17 16 16 19 19 4 ]
Pmin = [ 157 220 220 376 111 246 246 198 198 108 108 194 194 332 332 328 328 378 378 43 ]
Pmax = [ 157 223 223 417 120 246 246 208 208 108 108 203 203 361 361 338 338 417 417 43 ]
cf = [ 40.85 63.5276 63.5276 11.5271 16.7553 52.8343 52.8343 56.3485 56.3485 65.3243 65.3243 31.1865 31.1865 60.5518 60.5518 61.4765 61.4765 14.9042 14.9042 45.4445 ]
c0 = [ 132 159 159 250 101 173 173 144 144 95 95 152 152 222 222 225 225 250 250 66 ]
cp = [ 36.8945 31.4096 31.4096 15.5301 37.7646 26.1468 26.1468 22.4754 22.4754 38.5226 38.5226 29.3525 29.3525 13.5333 13.5333 23.3499 23.3499 11.2721 11.2721 41.7874 ]
D = [ 852 1010 1229 1242 1421 1594 1751 1814 2019 2191 2177 2392 2589 2658 2776 2977 3093 3299 3407 3535 3573 3686 3830 4116 4263 3968 3842 3498 3414 3188 2952 2681 2476 2322 2106 2340 2618 2817 2977 3141 3375 3086 2666 2481 2123 1866 1562 1365 1039 1130 1375 1493 1480 1582 1819 1963 2031 2199 2340 2457 2611 2612 2812 2973 3120 3110 3311 3455 3492 3612 3866 3931 4033 3878 3722 3460 3203 3046 2893 2722 2530 2315 2138 2356 2485 2607 2843 3097 3260 2895 2704 2460 2151 1855 1645 1358 ]
