n = 20 ; 
T = 96 ; 
Init = [ 1 1 0 0 0 0 1 0 1 1 1 1 1 1 0 1 1 0 1 1 ]
L = [ 20 10 11 9 8 13 13 12 17 12 7 18 8 13 12 16 9 6 14 14 ]
l = [ 20 10 11 9 8 13 13 12 17 12 7 18 8 13 12 16 9 6 14 14 ]
Pmin = [ 378 189 212 162 159 261 235 224 336 239 137 357 141 274 261 341 153 86 283 268 ]
Pmax = [ 420 189 224 169 165 261 257 240 349 242 137 381 141 280 261 355 153 86 283 298 ]
cf = [ 69.74 41.095 63.9806 45.7691 15.8596 56.1377 21.1352 58.2884 19.7726 12.6571 58.7974 16.9089 32.8784 17.2575 31.4484 31.0005 38.6306 24.8175 41.7134 13.4739 ]
c0 = [ 250 142 156 123 137 186 182 159 238 171 118 238 110 208 186 239 132 81 208 194 ]
cp = [ 8.60222 31.7882 25.8803 23.7169 35.7807 25.0816 28.2339 32.1088 15.4322 25.225 34.341 10.7531 25.8312 19.9661 29.5166 16.7815 30.7835 38.1818 20.8949 15.7877 ]
D = [ 684 801 917 1193 1184 1441 1625 1713 1856 1989 2171 2250 2461 2570 2718 2910 2971 3179 3237 3433 3502 3738 3776 3985 4090 3885 3831 3540 3313 3198 2989 2800 2478 2419 2183 2264 2516 2696 2900 2972 3319 2919 2640 2412 2155 1880 1520 1180 987 1005 1206 1401 1563 1672 1660 1905 2003 2179 2301 2360 2498 2701 2834 2974 3024 3229 3360 3473 3507 3695 3837 4061 4174 3949 3756 3575 3347 3154 3082 2746 2619 2438 2345 2413 2554 2840 3022 3129 3281 3033 2827 2565 2211 2005 1753 1495 ]
