n = 20 ; 
T = 96 ; 
Init = [ 1 1 0 1 0 0 0 1 0 1 1 0 0 0 0 0 1 1 1 1 ]
L = [ 10 6 6 14 14 14 11 16 16 5 5 6 15 15 15 15 15 16 13 10 ]
l = [ 10 6 6 14 14 14 11 16 16 5 5 6 15 15 15 15 15 16 13 10 ]
Pmin = [ 190 101 101 316 295 295 202 335 335 78 78 79 267 267 307 322 322 348 265 177 ]
Pmax = [ 190 101 101 320 295 295 202 371 371 78 78 79 293 293 325 339 339 362 274 179 ]
cf = [ 17.0425 15.6911 15.6911 37.0059 47.8799 47.8799 42.7606 62.0858 62.0858 23.7855 23.7855 69.0927 25.2149 25.2149 18.8071 46.8527 46.8527 50.0514 10.7825 17.0026 ]
c0 = [ 144 100 100 223 204 204 164 240 240 73 73 74 195 195 219 237 237 236 189 143 ]
cp = [ 27.2749 38.4404 38.4404 17.1565 19.6619 19.6619 21.101 21.1968 21.1968 41.0301 41.0301 38.4849 20.6249 20.6249 19.0204 22.1956 22.1956 12.9361 23.5367 27.7656 ]
D = [ 808 890 1093 1151 1214 1452 1564 1623 1743 1886 2109 2105 2318 2491 2541 2736 2810 3048 3131 3223 3420 3521 3589 3662 3788 3757 3589 3341 3188 2933 2844 2619 2497 2304 2187 2329 2573 2590 2841 2898 3108 2869 2566 2455 2083 1880 1658 1410 1153 1253 1316 1466 1566 1727 1892 1905 2145 2253 2312 2348 2507 2726 2667 2861 2992 3009 3253 3392 3352 3552 3743 3746 3969 3694 3562 3300 3164 3075 2765 2709 2429 2247 2229 2342 2614 2877 3068 3289 3546 3175 2989 2782 2517 2159 1855 1608 ]
