n = 20 ; 
T = 96 ; 
Init = [ 1 1 1 0 1 1 0 1 0 0 1 1 1 0 1 0 0 1 1 0 ]
L = [ 19 19 17 17 20 15 15 14 14 11 5 5 6 6 4 17 17 5 5 7 ]
l = [ 19 19 17 17 20 15 15 14 14 11 5 5 6 6 4 17 17 5 5 7 ]
Pmin = [ 371 371 332 332 378 306 306 276 276 196 70 70 83 83 45 348 348 54 54 128 ]
Pmax = [ 409 409 342 342 420 314 314 296 296 196 70 70 83 83 45 378 378 57 57 135 ]
cf = [ 57.609 57.609 37.0479 37.0479 25.6877 19.6459 19.6459 31.0452 31.0452 66.5752 21.2094 21.2094 35.8191 35.8191 46.7781 54.5886 54.5886 42.8287 42.8287 17.3545 ]
c0 = [ 250 250 241 241 250 216 216 196 196 141 82 82 83 83 66 236 236 60 60 119 ]
cp = [ 11.5596 11.5596 12.9505 12.9505 8.77852 20.1542 20.1542 18.3751 18.3751 29.0311 39.2628 39.2628 32.2172 32.2172 41.5579 16.6582 16.6582 40.5563 40.5563 24.255 ]
D = [ 837 943 997 1162 1235 1413 1524 1712 1859 1953 2002 2245 2387 2475 2577 2740 2796 3000 3071 3262 3334 3466 3574 3823 3960 3740 3582 3453 3304 3025 2931 2800 2667 2495 2227 2387 2611 2844 3061 3130 3325 3151 2853 2410 2192 1864 1624 1330 960 1165 1274 1363 1406 1552 1659 1761 1808 1950 2086 2298 2339 2450 2530 2619 2763 2898 2998 3089 3220 3342 3509 3606 3609 3523 3406 3149 3121 2982 2718 2724 2511 2417 2231 2465 2578 2732 2958 3179 3366 3107 2748 2526 2097 1879 1466 1242 ]
