n = 20 ; 
T = 96 ; 
Init = [ 1 0 0 0 0 1 1 1 1 0 1 0 0 1 1 1 1 0 0 0 ]
L = [ 7 7 13 13 4 6 6 19 19 18 6 17 17 7 7 13 13 17 7 7 ]
l = [ 7 7 13 13 4 6 6 19 19 18 6 17 17 7 7 13 13 17 7 7 ]
Pmin = [ 126 126 263 263 51 104 104 373 373 378 114 365 365 122 122 245 245 355 103 103 ]
Pmax = [ 126 126 263 263 51 104 104 399 399 390 114 371 371 122 122 245 245 360 105 105 ]
cf = [ 66.2833 66.2833 53.6659 53.6659 11.2176 64.0204 64.0204 52.7866 52.7866 34.7131 11.0387 30.599 30.599 43.5938 43.5938 63.722 63.722 61.3958 65.4589 65.4589 ]
c0 = [ 104 104 200 200 70 88 88 250 250 250 92 250 250 105 105 183 183 238 101 101 ]
cp = [ 36.1034 36.1034 22.9816 22.9816 41.5564 39.3675 39.3675 11.1767 11.1767 18.9311 40.1159 12.6284 12.6284 37.335 37.335 17.9328 17.9328 13.5735 33.5086 33.5086 ]
D = [ 779 926 960 1176 1257 1445 1520 1569 1809 1858 2038 2073 2221 2292 2519 2559 2624 2861 2884 3100 3088 3310 3362 3499 3639 3436 3311 3169 2946 2789 2649 2551 2424 2200 2041 2186 2342 2608 2685 2803 3000 2745 2543 2376 2073 1822 1576 1380 1185 1284 1251 1379 1505 1643 1700 1822 1973 2085 2074 2314 2260 2396 2477 2692 2750 2792 2889 3090 3170 3180 3317 3385 3548 3474 3236 3043 2952 2850 2661 2486 2381 2216 2067 2135 2314 2428 2676 2745 3028 2764 2414 2304 2074 1703 1547 1273 ]
