n = 20 ; 
T = 96 ; 
Init = [ 1 0 1 0 1 0 0 0 1 0 0 0 0 0 0 1 0 1 1 0 ]
L = [ 18 17 14 6 12 19 15 14 11 4 6 17 15 7 17 12 14 6 17 18 ]
l = [ 18 17 14 6 12 19 15 14 11 4 6 17 15 7 17 12 14 6 17 18 ]
Pmin = [ 344 319 278 123 222 378 267 283 187 71 96 333 309 134 333 249 298 89 315 347 ]
Pmax = [ 368 351 298 123 236 420 292 283 204 71 96 358 310 134 369 249 304 96 349 381 ]
cf = [ 54.6487 14.1704 38.5828 42.9856 11.4538 40.315 38.158 53.1338 45.8347 39.5837 61.4046 38.713 59.4937 11.2452 39.7284 31.8504 53.3472 59.0412 54.047 54.9352 ]
c0 = [ 248 221 193 95 167 250 189 200 134 72 94 231 219 122 223 188 203 77 226 236 ]
cp = [ 11.972 24.3619 12.2257 40.3523 25.5555 11.7096 24.8377 16.0096 27.775 41.6813 34.4285 13.4145 11.4214 35.2113 19.4664 25.1904 25.0932 33.6527 19.3422 10.3356 ]
D = [ 539 765 939 1054 1191 1465 1494 1700 1855 2092 2201 2445 2481 2636 2858 3069 3292 3443 3524 3597 3836 4088 4228 4290 4526 4299 4085 3803 3704 3412 3274 3116 2888 2566 2361 2710 2908 2979 3177 3367 3708 3326 3072 2759 2371 1980 1717 1388 1023 1258 1349 1551 1584 1796 1912 2055 2140 2305 2427 2592 2759 2834 2996 3226 3298 3448 3623 3834 3859 4046 4193 4347 4401 4189 4106 3785 3676 3397 3146 2922 2736 2628 2270 2644 2886 3171 3351 3731 3844 3611 3231 2975 2676 2315 1953 1584 ]
