n = 20 ; 
T = 96 ; 
Init = [ 1 1 1 1 1 1 1 1 0 0 1 0 0 1 0 0 1 0 0 1 ]
L = [ 12 7 5 13 18 6 6 13 11 13 11 17 19 9 18 8 7 12 9 11 ]
l = [ 12 7 5 13 18 6 6 13 11 13 11 17 19 9 18 8 7 12 9 11 ]
Pmin = [ 213 111 85 265 364 87 119 252 213 241 215 356 378 151 335 136 107 207 190 210 ]
Pmax = [ 230 111 85 265 385 88 119 257 214 241 215 366 406 153 367 136 118 229 190 212 ]
cf = [ 14.2156 46.279 20.6045 66.9006 69.6659 28.6708 30.439 8.20997 30.0833 67.5892 42.5227 35.7509 52.2424 31.4948 9.9094 67.0699 31.8107 63.6785 68.4729 57.7345 ]
c0 = [ 151 104 89 194 246 72 111 174 158 183 165 250 250 126 234 104 104 153 150 157 ]
cp = [ 30.0572 37.8139 36.3314 31.8741 18.6699 40.8824 29.9959 14.3327 30.8266 33.8987 23.1454 20.0846 10.9713 26.3672 14.2103 31.6288 32.8754 34.2257 24.2372 26.4781 ]
D = [ 719 763 856 965 1068 1282 1337 1521 1671 1684 1875 1920 2097 2232 2333 2445 2517 2601 2754 2933 2962 3101 3190 3300 3452 3408 3231 3116 2872 2836 2568 2406 2296 2162 1992 2162 2260 2481 2557 2847 2962 2718 2383 2163 1936 1743 1517 1243 952 1150 1218 1282 1450 1550 1676 1796 1934 2045 2202 2194 2440 2459 2561 2720 2827 2911 3037 3146 3298 3450 3576 3621 3794 3589 3349 3275 3101 2791 2635 2463 2234 2187 1962 2143 2278 2420 2604 2759 2895 2693 2458 2298 1997 1746 1469 1158 ]
