n = 20 ; 
T = 96 ; 
Init = [ 0 0 1 1 0 1 1 1 1 1 0 1 0 1 1 1 0 0 0 1 ]
L = [ 16 5 14 12 12 6 16 9 8 7 4 8 8 6 15 6 12 4 11 17 ]
l = [ 16 5 14 12 12 6 16 9 8 7 4 8 8 6 15 6 12 4 11 17 ]
Pmin = [ 341 59 292 233 263 112 334 162 126 125 53 139 168 89 303 77 229 73 207 332 ]
Pmax = [ 357 64 301 249 263 112 362 171 126 130 53 148 168 98 310 77 229 73 217 360 ]
cf = [ 26.2159 13.3636 35.0724 65.0503 14.6657 14.8219 29.8549 69.3214 47.247 51.1516 20.4921 59.3355 54.0306 18.6559 55.9815 50.4743 24.7718 60.0915 54.1041 29.392 ]
c0 = [ 232 56 219 182 201 90 225 119 98 109 66 118 136 79 224 80 180 66 165 228 ]
cp = [ 20.2683 40.465 19.0956 30.4811 27.504 38.2627 13.5643 26.355 21.1775 35.1192 41.9474 25.9013 33.3226 35.8518 13.5917 40.2557 29.7442 41.9812 21.7648 16.6096 ]
D = [ 562 656 732 889 951 1085 1105 1279 1321 1407 1609 1652 1772 1921 1915 2043 2125 2345 2461 2464 2627 2731 2817 2919 3010 2947 2831 2678 2555 2320 2238 2145 2040 1928 1747 1886 2091 2252 2320 2463 2605 2410 2270 2065 1915 1665 1484 1311 1074 1141 1245 1304 1385 1465 1531 1646 1633 1734 1873 2019 2068 2049 2242 2295 2327 2506 2544 2585 2688 2726 2820 2877 3078 2858 2780 2671 2520 2429 2356 2115 2009 1957 1834 1979 2037 2151 2328 2431 2564 2301 2109 1852 1627 1405 1259 983 ]
