n = 20 ; 
T = 96 ; 
Init = [ 1 0 1 1 1 1 0 0 0 1 0 1 0 0 0 0 0 0 1 1 ]
L = [ 18 15 13 16 16 12 8 19 19 12 12 13 13 14 13 13 12 18 12 12 ]
l = [ 18 15 13 16 16 12 8 19 19 12 12 13 13 14 13 13 12 18 12 12 ]
Pmin = [ 359 322 246 332 332 267 139 378 378 213 213 230 230 286 253 253 233 378 230 230 ]
Pmax = [ 387 323 257 332 332 267 139 420 420 220 220 247 247 301 259 259 233 413 231 231 ]
cf = [ 23.1547 22.5215 61.156 41.6766 41.6766 61.0781 69.9044 56.5412 56.5412 51.9649 51.9649 14.0902 14.0902 15.5741 55.47 55.47 19.2607 55.587 65.6136 65.6136 ]
c0 = [ 240 230 173 243 243 198 106 250 250 154 154 178 178 207 186 186 164 250 181 181 ]
cp = [ 20.5149 14.2771 18.2481 29.1295 29.1295 23.402 38.914 14.1841 14.1841 25.6588 25.6588 33.2244 33.2244 22.0191 25.048 25.048 27.5253 10.4149 20.4692 20.4692 ]
D = [ 625 792 1153 1337 1471 1671 1709 1842 2172 2357 2555 2703 2843 3025 3258 3402 3507 3617 3884 4023 4182 4513 4563 4867 4971 4653 4425 4308 3942 3671 3429 3258 2977 2706 2543 2880 3080 3225 3518 3658 3811 3569 3123 2895 2446 2056 1795 1487 1066 1221 1421 1582 1745 1854 2099 2229 2332 2432 2731 2801 2974 3188 3247 3355 3651 3641 3904 4091 4194 4363 4447 4719 4761 4501 4279 4115 3854 3716 3456 3281 2929 2713 2543 2842 3008 3145 3418 3532 3826 3495 3203 2768 2495 2106 1837 1490 ]
