n = 20 ; 
T = 96 ; 
Init = [ 1 1 1 0 1 1 0 0 0 0 0 0 0 1 0 1 1 1 1 0 ]
L = [ 10 10 6 6 6 6 16 16 7 4 4 4 5 7 20 20 11 11 20 8 ]
l = [ 10 10 6 6 6 6 16 16 7 4 4 4 5 7 20 20 11 11 20 8 ]
Pmin = [ 191 191 118 118 105 105 316 316 145 69 69 47 89 127 378 378 221 221 378 153 ]
Pmax = [ 200 200 118 118 110 110 330 330 145 69 69 47 89 127 420 420 221 221 419 159 ]
cf = [ 60.2405 60.2405 67.6761 67.6761 55.9266 55.9266 14.0424 14.0424 31.2769 31.5928 31.5928 68.1268 18.1975 11.7649 25.056 25.056 64.0542 64.0542 53.2302 64.0999 ]
c0 = [ 150 150 104 104 101 101 222 222 117 82 82 59 93 109 250 250 154 154 250 127 ]
cp = [ 22.3386 22.3386 24.9024 24.9024 36.1604 36.1604 24.0955 24.0955 35.1315 40.9444 40.9444 41.5973 39.3075 33.6122 8.5093 8.5093 30.1681 30.1681 9.92863 28.1558 ]
D = [ 480 587 687 791 934 1064 1083 1242 1346 1412 1470 1574 1722 1808 1898 2076 2109 2315 2376 2524 2513 2737 2795 2921 2945 2907 2681 2593 2532 2300 2270 2068 1979 1803 1741 1833 1964 2098 2244 2514 2611 2322 2205 1957 1650 1378 1202 965 791 870 892 1087 1209 1273 1396 1556 1579 1769 1830 1946 2064 2204 2299 2399 2393 2606 2650 2731 2921 2952 3102 3256 3347 3220 3023 2857 2631 2523 2352 2122 1984 1868 1725 1815 2010 2236 2377 2627 2796 2596 2281 2026 1858 1531 1267 1125 ]
