n = 20 ; 
T = 96 ; 
Init = [ 1 1 0 1 0 0 0 0 1 1 0 0 1 1 1 0 0 1 0 1 ]
L = [ 19 16 8 19 16 9 13 20 10 17 6 14 13 6 16 15 4 16 4 14 ]
l = [ 19 16 8 19 16 9 13 20 10 17 6 14 13 6 16 15 4 16 4 14 ]
Pmin = [ 378 297 139 378 320 187 263 378 172 326 103 271 240 107 359 273 55 305 59 278 ]
Pmax = [ 397 320 139 417 320 187 263 416 181 361 103 280 263 115 359 299 55 338 59 295 ]
cf = [ 10.6483 17.4485 16.5299 17.1 22.8599 16.4911 24.743 17.4762 18.4825 44.5108 38.7235 37.0517 68.746 66.1457 15.5209 29.5543 17.648 58.6639 57.8745 51.2246 ]
c0 = [ 250 209 114 250 223 138 195 250 136 227 83 188 180 97 239 199 61 206 64 203 ]
cp = [ 16.0073 16.1495 32.3754 15.5696 17.5356 19.0634 31.8868 8.49685 20.6417 20.5515 38.2616 19.9425 27.321 35.0412 14.9132 25.0049 41.1461 24.471 41.1976 32.9801 ]
D = [ 657 737 959 1147 1299 1372 1643 1625 1885 1968 2157 2398 2506 2674 2917 2914 3254 3303 3585 3727 3813 3947 4053 4263 4395 4311 4070 3958 3685 3453 3250 3067 2943 2611 2455 2695 2839 2976 3227 3279 3527 3170 3044 2792 2441 2208 1981 1617 1337 1549 1591 1663 1833 1961 2148 2286 2409 2423 2635 2626 2871 2960 3108 3126 3290 3505 3596 3674 3846 3956 4144 4164 4319 4110 3942 3767 3637 3319 3282 2986 2947 2637 2479 2639 2866 2924 3098 3324 3463 3082 2911 2527 2302 1966 1666 1482 ]
