n = 20 ; 
T = 96 ; 
Init = [ 0 1 1 1 1 1 1 1 0 0 0 1 0 1 0 1 0 0 1 0 ]
L = [ 5 17 15 6 19 15 10 18 13 9 16 13 14 7 7 16 20 12 11 16 ]
l = [ 5 17 15 6 19 15 10 18 13 9 16 13 14 7 7 16 20 12 11 16 ]
Pmin = [ 85 341 317 95 378 311 187 361 221 170 304 267 270 116 106 313 378 253 237 324 ]
Pmax = [ 85 360 328 101 415 316 187 370 240 170 336 269 295 116 111 332 420 253 241 344 ]
cf = [ 14.7024 43.0532 30.8672 21.9609 31.8548 41.3117 46.7325 48.6694 24.1125 18.7788 10.9232 28.0813 33.577 57.5735 54.1508 49.0285 14.6985 34.4862 16.2052 8.77353 ]
c0 = [ 72 233 229 86 250 216 148 250 174 137 209 201 187 108 106 227 250 187 176 232 ]
cp = [ 40.132 17.1194 26.7109 31.3877 13.6998 15.2186 28.6667 16.8689 22.8021 26.1387 27.7486 22.8306 20.6063 29.3726 31.2337 21.6872 10.332 13.8176 16.9101 17.3414 ]
D = [ 611 781 887 1001 1155 1293 1489 1536 1831 2000 2078 2207 2393 2476 2725 2894 2953 3254 3246 3380 3670 3841 3868 4025 4334 3998 3826 3652 3425 3313 3132 3046 2755 2525 2398 2671 2794 2884 3049 3312 3416 3254 3047 2737 2504 2195 1900 1766 1342 1499 1587 1725 1895 1995 2091 2141 2440 2440 2579 2639 2892 2925 3119 3081 3290 3367 3444 3556 3686 3909 4047 4129 4122 4088 3776 3664 3540 3266 3167 3019 2786 2658 2337 2522 2742 2958 3077 3285 3579 3277 2985 2778 2392 2178 2011 1717 ]
