n = 20 ; 
T = 96 ; 
Init = [ 0 0 1 0 0 0 1 1 1 1 1 1 0 1 1 0 1 0 1 1 ]
L = [ 11 11 12 18 18 14 11 11 12 12 8 14 5 5 9 9 7 5 5 8 ]
l = [ 11 11 12 18 18 14 11 11 12 12 8 14 5 5 9 9 7 5 5 8 ]
Pmin = [ 185 220 231 378 378 290 186 186 233 233 164 285 64 64 141 141 115 74 74 139 ]
Pmax = [ 197 220 231 412 412 312 194 194 241 241 164 289 64 64 153 153 126 74 74 139 ]
cf = [ 30.5982 50.7989 17.0839 47.8875 47.8875 24.4655 17.297 17.297 62.347 62.347 65.4026 68.7341 59.4501 59.4501 57.76 57.76 58.1529 64.1254 64.1254 49.48 ]
c0 = [ 151 155 179 250 250 200 149 149 182 182 124 210 76 76 114 114 111 77 77 106 ]
cp = [ 34.8664 31.2252 30.1357 14.8975 14.8975 24.558 29.0451 29.0451 28.0505 28.0505 35.3391 22.4732 33.8671 33.8671 27.4049 27.4049 35.8344 39.9253 39.9253 23.2146 ]
D = [ 380 476 569 718 776 943 1127 1231 1322 1434 1627 1702 1773 1973 2055 2106 2302 2385 2449 2612 2779 2819 3028 3165 3220 3148 3009 2758 2604 2530 2310 2262 2166 1920 1760 2044 2146 2351 2478 2551 2750 2540 2302 2043 1772 1497 1312 976 752 862 977 1057 1168 1314 1380 1417 1625 1641 1722 1825 1964 2029 2217 2260 2435 2538 2622 2697 2813 2889 3087 3179 3181 3056 2993 2768 2745 2530 2381 2265 2199 2062 1922 1969 2120 2188 2310 2425 2548 2342 2149 2002 1758 1508 1302 1130 ]
