n = 20 ; 
T = 96 ; 
Init = [ 0 0 0 1 1 0 0 1 0 1 0 1 0 0 0 1 0 0 1 1 ]
L = [ 6 6 13 13 5 10 11 18 18 5 9 7 5 7 7 16 17 8 8 6 ]
l = [ 6 6 13 13 5 10 11 18 18 5 9 7 5 7 7 16 17 8 8 6 ]
Pmin = [ 117 117 277 277 76 208 198 359 359 58 171 99 89 116 116 314 378 150 150 70 ]
Pmax = [ 117 117 291 291 76 208 198 397 397 64 171 99 89 128 128 340 386 157 157 76 ]
cf = [ 38.4115 38.4115 26.5234 26.5234 25.2208 28.2342 42.1923 27.518 27.518 25.6353 51.0978 41.1763 49.4103 66.1847 66.1847 67.8828 64.9283 59.1086 59.1086 13.8901 ]
c0 = [ 100 100 193 193 85 149 145 250 250 62 141 87 85 109 109 232 250 124 124 74 ]
cp = [ 39.0325 39.0325 11.2878 11.2878 40.9076 16.7168 18.1899 22.4488 22.4488 38.3915 27.3615 36.8531 27.2641 29.8748 29.8748 12.3778 10.8705 37.9584 37.9584 37.9435 ]
D = [ 708 803 850 976 1166 1182 1371 1394 1548 1603 1797 1918 1969 2080 2179 2388 2397 2499 2702 2697 2839 2909 3124 3227 3228 3200 3037 2895 2756 2583 2368 2253 2067 1931 1834 2007 2057 2179 2268 2502 2571 2380 2122 1908 1580 1451 1199 911 665 755 927 950 1165 1203 1235 1426 1537 1603 1756 1740 1857 2054 2098 2207 2363 2371 2559 2621 2746 2817 2926 3019 3073 3036 2858 2756 2554 2371 2309 2188 1995 1865 1806 1873 2106 2265 2423 2528 2652 2483 2230 1991 1780 1471 1240 1085 ]
