n = 20 ; 
T = 96 ; 
Init = [ 0 0 1 1 1 0 0 1 1 1 0 0 1 0 1 0 1 1 0 1 ]
L = [ 10 9 9 18 12 12 12 12 16 12 7 7 15 18 18 13 13 12 15 5 ]
l = [ 10 9 9 18 12 12 12 12 16 12 7 7 15 18 18 13 13 12 15 5 ]
Pmin = [ 176 158 158 357 218 218 258 258 294 219 103 103 310 373 373 245 245 252 330 71 ]
Pmax = [ 176 169 169 381 233 233 258 258 316 219 103 103 317 392 392 255 255 252 330 71 ]
cf = [ 69.6224 19.3538 19.3538 36.2202 65.3266 65.3266 48.0434 48.0434 39.6663 46.6587 25.0032 25.0032 48.1942 34.1314 34.1314 40.8337 40.8337 20.714 43.2976 18.7941 ]
c0 = [ 139 119 119 250 163 163 189 189 216 169 94 94 209 250 250 174 174 186 231 77 ]
cp = [ 27.4512 34.6543 34.6543 10.8487 19.1625 19.1625 25.9332 25.9332 24.5109 13.8938 39.2365 39.2365 13.3241 12.683 12.683 19.5652 19.5652 23.0745 13.4997 38.6431 ]
D = [ 770 933 1048 1241 1281 1368 1631 1708 1843 2009 2036 2147 2334 2479 2656 2803 2787 3087 3118 3212 3422 3535 3598 3712 3868 3708 3665 3392 3353 3059 3036 2788 2705 2487 2303 2460 2708 2806 3088 3162 3476 3200 2798 2534 2272 2097 1669 1441 1241 1340 1404 1469 1680 1806 1987 2058 2136 2225 2367 2562 2621 2745 2834 2995 3047 3213 3335 3570 3615 3752 3826 3975 4145 3965 3723 3520 3356 3108 3000 2784 2693 2527 2255 2414 2593 2722 2830 3145 3240 2958 2756 2377 2276 2041 1701 1530 ]
