n = 20 ; 
T = 96 ; 
Init = [ 0 0 1 1 0 1 1 0 1 0 1 0 1 1 0 0 1 0 0 0 ]
L = [ 6 11 9 12 7 15 14 16 7 16 12 14 5 13 15 15 16 9 7 18 ]
l = [ 6 11 9 12 7 15 14 16 7 16 12 14 5 13 15 15 16 9 7 18 ]
Pmin = [ 113 233 135 269 122 332 299 314 144 313 242 290 67 264 310 295 306 157 99 378 ]
Pmax = [ 113 233 149 269 122 332 299 343 144 343 244 294 67 264 319 315 320 161 103 403 ]
cf = [ 17.8995 55.6253 14.866 69.7536 43.3659 53.7086 25.8375 12.0982 13.2364 35.739 41.9162 22.7867 20.7228 36.2879 41.653 15.6878 12.0152 24.3715 26.023 27.9252 ]
c0 = [ 91 178 122 190 114 235 218 215 113 228 186 202 74 200 213 200 224 116 83 250 ]
cp = [ 35.0446 23.7377 32.6171 20.4085 30.537 17.0685 21.9598 21.6601 33.7569 17.8863 20.7916 20.0432 41.4993 21.2394 15.6546 16.6368 17.5171 32.595 32.3725 9.39827 ]
D = [ 539 673 844 998 1151 1188 1302 1561 1660 1751 1937 2065 2254 2401 2533 2786 2950 3027 3097 3305 3398 3572 3769 3897 4076 3932 3671 3514 3270 3031 2931 2649 2572 2315 2036 2325 2493 2540 2760 2878 3042 2886 2570 2361 2202 1867 1584 1439 1147 1209 1448 1478 1652 1753 1912 2044 2063 2314 2387 2524 2691 2710 2850 3075 3150 3241 3466 3453 3652 3738 3989 4100 4150 3998 3798 3582 3411 3170 2862 2720 2593 2399 2162 2294 2463 2649 2964 3028 3338 2946 2721 2418 2097 1885 1505 1310 ]
