n = 20 ; 
T = 96 ; 
Init = [ 0 1 0 1 1 1 0 1 1 1 0 1 0 1 1 0 1 0 1 1 ]
L = [ 18 16 6 6 6 15 15 7 9 9 13 13 12 12 14 13 19 17 17 8 ]
l = [ 18 16 6 6 6 15 15 7 9 9 13 13 12 12 14 13 19 17 17 8 ]
Pmin = [ 351 324 88 88 120 308 308 130 179 179 269 269 234 234 298 238 378 366 366 177 ]
Pmax = [ 378 351 88 88 120 311 311 130 179 179 269 269 234 234 299 244 401 374 374 177 ]
cf = [ 50.5861 48.8935 47.796 47.796 38.535 33.2931 33.2931 40.7318 39.3956 39.3956 68.7968 68.7968 64.1909 64.1909 65.8953 51.1216 63.2124 44.5951 44.5951 54.7325 ]
c0 = [ 250 232 74 74 113 222 222 110 133 133 190 190 174 174 209 181 250 250 250 136 ]
cp = [ 14.9088 13.2855 29.5854 29.5854 38.4782 15.6025 15.6025 32.3075 30.9309 30.9309 17.3045 17.3045 19.5471 19.5471 26.5227 19.5498 12.9852 12.4667 12.4667 35.7993 ]
D = [ 693 737 924 1135 1233 1331 1543 1635 1915 2100 2177 2294 2475 2638 2741 2928 3047 3186 3318 3651 3800 3827 3985 4265 4387 4051 3879 3619 3539 3233 3109 2888 2656 2380 2215 2534 2628 2946 3018 3236 3584 3260 2936 2623 2306 2116 1834 1482 1239 1382 1516 1634 1816 1901 1965 2051 2222 2275 2523 2629 2727 2896 3064 3081 3291 3461 3427 3601 3737 3862 4008 4057 4189 4138 3953 3752 3448 3338 3178 2991 2713 2561 2366 2549 2763 3097 3240 3498 3759 3297 2992 2683 2447 1999 1765 1428 ]
