n = 20 ; 
T = 96 ; 
Init = [ 1 0 0 0 0 0 0 1 0 0 1 1 0 1 0 0 0 0 0 0 ]
L = [ 16 6 5 17 7 13 7 14 5 8 14 17 11 18 7 20 5 7 11 8 ]
l = [ 16 6 5 17 7 13 7 14 5 8 14 17 11 18 7 20 5 7 11 8 ]
Pmin = [ 309 93 99 341 99 271 135 295 90 131 274 350 237 378 115 378 115 120 206 155 ]
Pmax = [ 343 93 99 368 105 272 135 295 90 131 274 375 237 402 127 420 115 120 207 155 ]
cf = [ 44.0404 10.0913 32.5318 27.8465 40.4739 33.6677 38.2308 32.5281 62.2763 9.8516 64.7544 37.9993 46.5998 61.5317 12.0699 66.3667 33.7084 63.6688 16.3429 31.7769 ]
c0 = [ 221 89 100 240 86 197 120 204 96 103 207 250 166 250 95 250 101 114 148 114 ]
cp = [ 14.1897 39.5063 32.0429 13.3233 40.4364 16.1395 33.0078 21.5924 38.4615 30.948 22.8121 15.7299 31.5781 14.6257 32.1997 10.3406 38.7367 33.1405 28.0984 34.4064 ]
D = [ 435 513 645 802 910 1024 1110 1291 1461 1535 1590 1743 1986 2027 2096 2208 2387 2547 2681 2739 2933 3044 3178 3290 3441 3179 3119 3003 2782 2682 2527 2266 2120 1972 1902 2096 2294 2541 2634 2877 3075 2781 2577 2260 2041 1782 1453 1130 1004 1053 1119 1160 1300 1402 1532 1567 1665 1844 1885 1987 2091 2279 2375 2522 2599 2576 2716 2929 2973 3067 3175 3231 3425 3229 3084 2978 2821 2636 2469 2361 2124 2080 1912 2056 2197 2399 2636 2774 3054 2774 2457 2284 1934 1612 1484 1111 ]
