n = 20 ; 
T = 96 ; 
Init = [ 1 1 0 1 1 0 1 0 0 0 1 0 0 0 0 0 1 0 1 1 ]
L = [ 18 18 16 19 19 13 13 15 15 14 14 12 12 8 17 17 12 11 16 16 ]
l = [ 18 18 16 19 19 13 13 15 15 14 14 12 12 8 17 17 12 11 16 16 ]
Pmin = [ 349 349 321 369 369 253 253 315 315 289 289 230 230 156 338 338 239 227 360 360 ]
Pmax = [ 383 383 357 406 406 267 267 315 315 307 307 256 256 157 359 359 240 227 362 362 ]
cf = [ 19.3309 19.3309 33.5141 12.5264 12.5264 49.4858 49.4858 45.1101 45.1101 26.521 26.521 55.2152 55.2152 39.5569 31.8145 31.8145 50.0909 44.095 57.5199 57.5199 ]
c0 = [ 242 242 226 250 250 189 189 223 223 206 206 165 165 134 228 228 174 164 244 244 ]
cp = [ 12.9683 12.9683 9.18482 10.3352 10.3352 25.3217 25.3217 16.1073 16.1073 26.729 26.729 25.4245 25.4245 25.2166 10.082 10.082 23.1961 31.3006 16.6539 16.6539 ]
D = [ 782 994 1190 1261 1505 1569 1890 1951 2172 2396 2677 2828 2924 3146 3503 3668 3867 4040 4286 4328 4508 4790 4902 5274 5267 5071 4816 4764 4441 4268 3879 3706 3551 3400 3104 3191 3337 3597 3786 3958 4248 3965 3535 3168 2677 2411 2014 1764 1259 1420 1718 1789 1927 2168 2383 2344 2663 2701 2974 3137 3347 3511 3622 3660 3816 4139 4270 4270 4525 4651 4757 4873 5199 5025 4589 4541 4327 3950 3771 3434 3295 3019 2830 3187 3509 3657 4051 4297 4560 4205 3825 3510 3159 2733 2532 2179 ]
