n = 20 ; 
T = 96 ; 
Init = [ 0 1 1 0 1 0 1 0 1 1 0 0 1 0 1 1 0 0 1 0 ]
L = [ 19 19 9 13 13 14 5 5 11 8 4 4 14 14 18 7 13 13 19 7 ]
l = [ 19 19 9 13 13 14 5 5 11 8 4 4 14 14 18 7 13 13 19 7 ]
Pmin = [ 378 378 146 242 242 254 103 103 206 141 42 42 314 314 364 109 262 262 378 119 ]
Pmax = [ 394 394 157 258 258 262 103 103 206 145 42 42 314 314 377 109 282 282 420 119 ]
cf = [ 59.4691 59.4691 14.1716 40.629 40.629 48.532 43.4224 43.4224 56.1934 22.6404 21.3634 21.3634 62.0269 62.0269 14.5408 48.6699 10.3079 10.3079 36.2471 53.0451 ]
c0 = [ 250 250 116 169 169 191 83 83 161 114 52 52 224 224 250 92 187 187 250 104 ]
cp = [ 11.0805 11.0805 31.3104 32.1035 32.1035 18.8289 39.7973 39.7973 31.1772 30.916 41.6399 41.6399 15.8169 15.8169 14.9068 33.091 31.0344 31.0344 8.15518 33.9541 ]
D = [ 781 926 1005 1187 1267 1439 1542 1669 1911 2035 2149 2258 2293 2403 2620 2696 2897 3011 3156 3235 3366 3459 3700 3787 3817 3610 3531 3281 3117 2937 2676 2600 2439 2129 1941 2126 2419 2600 2784 3025 3202 2890 2630 2399 2070 1899 1617 1360 985 1164 1333 1354 1476 1582 1794 1924 1957 2115 2273 2350 2509 2646 2645 2780 2896 3098 3205 3286 3505 3659 3688 3846 3995 3737 3516 3369 3250 2958 2789 2587 2519 2229 2094 2237 2477 2643 2795 3111 3314 3023 2651 2413 2136 1808 1582 1299 ]
