n = 20 ; 
T = 96 ; 
Init = [ 1 0 1 0 1 1 0 1 1 1 1 1 0 0 0 0 0 1 1 0 ]
L = [ 11 11 18 16 16 10 10 13 15 12 18 18 10 14 14 14 19 16 16 17 ]
l = [ 11 11 18 16 16 10 10 13 15 12 18 18 10 14 14 14 19 16 16 17 ]
Pmin = [ 226 226 378 325 325 159 159 252 317 233 369 369 184 296 296 300 376 328 328 363 ]
Pmax = [ 226 226 420 329 329 170 170 252 322 233 393 393 184 299 299 310 417 336 336 365 ]
cf = [ 18.4382 18.4382 20.8889 17.6998 17.6998 62.3016 62.3016 17.3321 28.175 47.882 42.5796 42.5796 64.5994 54.6748 54.6748 16.6191 14.5243 55.8006 55.8006 9.5907 ]
c0 = [ 162 162 250 237 237 126 126 182 222 164 250 250 144 204 204 224 250 228 228 250 ]
cp = [ 18.7618 18.7618 14.0297 25.0961 25.0961 29.4841 29.4841 18.1474 21.8148 28.9179 12.3064 12.3064 27.5162 13.6149 13.6149 13.6378 10.0349 12.137 12.137 11.9177 ]
D = [ 946 1200 1434 1527 1602 1953 2049 2132 2248 2503 2650 2805 2905 3034 3267 3556 3550 3775 3987 4040 4159 4512 4624 4791 4872 4738 4498 4333 3979 3919 3527 3357 3167 3072 2834 2983 3279 3401 3697 3725 3941 3677 3377 2986 2691 2462 1977 1739 1403 1468 1632 1804 2065 2053 2307 2496 2527 2823 2811 2959 3229 3378 3609 3566 3799 4069 4030 4333 4414 4542 4661 4848 5047 4903 4677 4416 4261 3941 3772 3559 3375 3218 3023 3177 3532 3667 3859 4092 4371 4028 3663 3466 3120 2610 2218 1952 ]
