n = 20 ; 
T = 96 ; 
Init = [ 1 0 1 1 0 1 1 1 1 0 0 0 0 1 1 1 0 0 0 1 ]
L = [ 9 9 13 13 12 12 16 15 15 18 11 8 8 16 16 16 16 11 12 16 ]
l = [ 9 9 13 13 12 12 16 15 15 18 11 8 8 16 16 16 16 11 12 16 ]
Pmin = [ 178 178 240 240 207 207 308 293 293 368 223 151 151 345 345 317 317 195 266 345 ]
Pmax = [ 178 178 246 246 220 220 317 314 314 373 226 151 151 345 345 348 348 203 266 367 ]
cf = [ 37.3712 37.3712 52.8202 52.8202 42.0992 42.0992 61.8542 20.3725 20.3725 44.8197 50.4558 60.415 60.415 46.3677 46.3677 67.4149 67.4149 57.8679 35.6932 22.0101 ]
c0 = [ 146 146 172 172 162 162 225 209 209 250 169 130 130 244 244 227 227 150 186 234 ]
cp = [ 22.2178 22.2178 31.5202 31.5202 27.0288 27.0288 13.5697 21.8437 21.8437 13.2346 34.0001 33.6468 33.6468 22.9157 22.9157 14.9439 14.9439 29.5487 33.6171 18.8097 ]
D = [ 830 881 1115 1186 1436 1522 1756 1857 2107 2205 2374 2503 2619 2819 2904 3086 3256 3469 3608 3837 3997 4032 4325 4450 4620 4362 4079 3976 3683 3563 3295 2974 2748 2555 2344 2691 2908 3057 3346 3655 3941 3673 3385 3061 2637 2276 1976 1760 1377 1666 1663 1848 1878 1995 2109 2241 2509 2524 2651 2751 2974 2992 3048 3358 3405 3511 3650 3737 3863 3985 4154 4227 4357 4110 3875 3881 3601 3369 3240 3060 2798 2743 2430 2681 2832 3116 3379 3479 3854 3379 3109 2841 2460 2126 1849 1395 ]
