n = 20 ; 
T = 96 ; 
Init = [ 1 0 0 1 0 0 1 0 1 0 0 1 1 1 1 1 0 1 1 1 ]
L = [ 15 16 15 13 6 16 7 11 6 15 13 17 6 19 16 18 9 13 19 4 ]
l = [ 15 16 15 13 6 16 7 11 6 15 13 17 6 19 16 18 9 13 19 4 ]
Pmin = [ 322 290 295 261 120 342 153 201 120 316 267 345 107 378 320 357 174 268 378 50 ]
Pmax = [ 323 315 307 261 120 345 153 208 120 327 281 358 107 419 323 374 180 273 420 50 ]
cf = [ 61.1678 53.2028 56.8152 41.5734 39.2988 45.1985 13.986 61.2118 21.6554 64.211 12.7104 29.8151 35.1235 51.8478 18.0156 25.1669 34.4512 16.115 69.2979 11.6059 ]
c0 = [ 219 208 213 197 111 244 134 157 106 232 184 241 86 250 221 250 136 189 250 53 ]
cp = [ 24.8538 18.9506 22.7622 18.6157 39.9541 14.0362 35.5506 19.3139 34.971 14.4094 25.3868 14.3574 33.0537 9.72562 23.0535 18.0527 29.8806 24.4642 12.4706 41.4984 ]
D = [ 575 576 739 893 1099 1230 1518 1506 1649 1890 2064 2225 2370 2496 2729 2811 2973 3064 3163 3376 3557 3678 3919 4044 4135 4051 3830 3585 3407 3290 2957 2816 2740 2417 2277 2485 2758 2983 3219 3482 3796 3315 3042 2804 2491 2104 1795 1490 1194 1384 1565 1570 1727 1851 2060 2287 2266 2522 2668 2706 2816 3127 3201 3301 3418 3520 3696 3835 3971 4218 4351 4408 4460 4236 4180 3817 3656 3487 3231 3027 2718 2506 2363 2510 2721 2893 3130 3376 3667 3205 3031 2781 2299 2063 1775 1467 ]
