n = 20 ; 
T = 96 ; 
Init = [ 1 1 1 0 1 0 0 0 0 0 0 0 1 0 1 0 1 1 0 1 ]
L = [ 5 18 18 10 10 13 13 11 4 4 8 18 18 5 4 4 7 7 6 6 ]
l = [ 5 18 18 10 10 13 13 11 4 4 8 18 18 5 4 4 7 7 6 6 ]
Pmin = [ 53 359 359 183 183 270 270 231 37 37 144 363 363 99 85 85 112 112 126 126 ]
Pmax = [ 53 376 376 189 189 270 270 231 37 37 144 394 394 99 85 85 119 119 126 126 ]
cf = [ 30.1702 41.6692 41.6692 38.021 38.021 54.6243 54.6243 32.5308 33.0413 33.0413 66.9977 36.2627 36.2627 31.5921 40.391 40.391 34.2715 34.2715 20.5807 20.5807 ]
c0 = [ 70 250 250 150 150 185 185 175 52 52 123 250 250 84 87 87 100 100 112 112 ]
cp = [ 39.7339 11.9131 11.9131 35.5126 35.5126 17.0439 17.0439 21.3983 41.8653 41.8653 23.9746 13.9649 13.9649 38.281 41.9186 41.9186 33.4005 33.4005 35.2838 35.2838 ]
D = [ 544 618 706 875 956 1094 1073 1178 1309 1454 1513 1645 1729 1724 1846 1949 2063 2156 2285 2383 2469 2578 2634 2746 2803 2694 2553 2448 2283 2186 2082 1960 1843 1733 1554 1673 1855 1941 2071 2157 2295 2087 1909 1734 1559 1409 1243 1089 824 951 1065 1159 1268 1269 1454 1457 1610 1665 1806 1841 1973 1977 2069 2163 2305 2360 2468 2581 2636 2747 2865 2948 2941 2855 2737 2549 2492 2262 2138 2072 1879 1782 1590 1682 1894 1930 2069 2214 2349 2096 2005 1738 1533 1315 1186 1035 ]
