n = 20 ; 
T = 96 ; 
Init = [ 1 1 1 1 0 1 0 1 1 1 0 1 1 0 1 1 0 0 0 1 ]
L = [ 9 17 15 6 11 18 18 7 10 13 9 15 5 6 8 11 5 19 8 18 ]
l = [ 9 17 15 6 11 18 18 7 10 13 9 15 5 6 8 11 5 19 8 18 ]
Pmin = [ 162 342 281 99 225 363 355 151 176 281 150 306 75 103 151 208 58 378 157 369 ]
Pmax = [ 162 360 309 106 226 399 389 151 181 281 159 318 75 103 155 229 60 408 157 389 ]
cf = [ 50.4868 66.7511 42.3822 65.7651 36.9187 62.6731 68.1437 44.0048 57.3922 60.9709 13.5339 46.0688 18.3843 38.5865 68.7625 57.1336 41.1548 12.3789 48.5165 14.9628 ]
c0 = [ 136 235 199 88 170 241 238 130 140 206 120 218 69 93 126 164 68 250 132 245 ]
cp = [ 32.0321 10.1201 18.1019 37.5057 29.8698 14.3779 10.6659 37.7812 34.2062 16.7282 26.737 20.3637 41.2261 36.9438 25.4135 24.1369 41.23 22.7511 31.9538 14.3606 ]
D = [ 724 924 949 1040 1240 1303 1510 1585 1751 1852 1849 2085 2200 2302 2404 2529 2672 2694 2913 2942 3044 3232 3386 3411 3528 3486 3348 3076 2958 2877 2712 2540 2373 2116 2086 2191 2406 2655 2886 2981 3213 3028 2610 2376 2176 1911 1684 1340 1071 1315 1299 1397 1661 1698 1835 2007 2037 2159 2321 2419 2500 2566 2678 2806 2901 3076 3234 3239 3426 3611 3678 3862 3913 3770 3558 3281 3136 2978 2739 2628 2430 2227 2099 2272 2552 2668 2898 3091 3381 3155 2827 2411 2135 1972 1567 1271 ]
