n = 20 ; 
T = 96 ; 
Init = [ 1 1 1 1 0 1 1 0 0 0 0 0 1 0 0 1 1 0 1 1 ]
L = [ 4 13 18 7 8 8 12 13 16 8 15 16 15 20 9 11 9 11 6 15 ]
l = [ 4 13 18 7 8 8 12 13 16 8 15 16 15 20 9 11 9 11 6 15 ]
Pmin = [ 31 259 378 121 142 143 225 245 321 136 339 288 302 378 160 227 148 234 100 287 ]
Pmax = [ 31 259 398 121 155 153 232 256 354 136 339 313 302 420 160 227 152 234 100 318 ]
cf = [ 67.3346 60.4541 51.1153 64.9655 39.1529 18.4403 48.2062 59.0856 11.6648 32.212 60.2845 33.9708 11.8014 67.302 56.6228 27.1535 31.4517 13.1006 51.3227 51.5287 ]
c0 = [ 46 192 250 101 111 116 164 177 222 116 241 207 212 250 118 168 119 173 99 206 ]
cp = [ 41.9556 25.4758 15.9888 38.7869 35.9386 36.1003 25.0644 23.288 25.2777 39.8854 13.1366 18.7399 17.5264 8.3922 25.5942 23.9023 29.5161 33.2391 40.1575 17.2602 ]
D = [ 692 866 911 1145 1210 1367 1504 1550 1683 1856 2003 2079 2164 2339 2458 2598 2679 2727 2977 3038 3227 3227 3470 3609 3713 3507 3370 3136 3078 2920 2781 2486 2380 2164 2150 2339 2509 2692 2805 2986 3220 3045 2697 2411 2119 1769 1500 1168 927 987 1107 1357 1436 1479 1658 1736 1797 2007 2137 2138 2321 2446 2592 2593 2806 2939 2979 3135 3209 3252 3404 3585 3647 3481 3250 3185 3083 2783 2743 2487 2304 2272 1984 2275 2341 2625 2713 2897 3109 2788 2604 2290 2151 1831 1574 1366 ]
