n = 20 ; 
T = 96 ; 
Init = [ 0 0 0 0 0 0 1 1 1 0 0 0 0 0 1 1 0 1 0 1 ]
L = [ 17 6 10 7 7 10 16 8 11 16 18 19 5 15 7 9 11 4 12 19 ]
l = [ 17 6 10 7 7 10 16 8 11 16 18 19 5 15 7 9 11 4 12 19 ]
Pmin = [ 365 127 188 119 127 161 352 118 209 341 371 378 60 305 127 180 222 69 228 378 ]
Pmax = [ 389 127 206 119 127 179 362 125 210 354 389 420 60 324 127 180 224 69 249 399 ]
cf = [ 66.5336 53.851 23.0865 22.6447 15.0839 61.9674 20.2339 49.75 25.6957 26.5964 28.9915 27.7131 46.9908 38.8862 44.3502 63.7906 14.3608 69.1973 62.2434 47.6571 ]
c0 = [ 242 104 137 97 102 131 243 113 158 235 250 250 61 211 110 151 160 68 162 250 ]
cp = [ 14.3946 38.029 26.0846 36.3463 35.2117 25.3878 24.3524 27.4275 32.3571 19.2133 9.89516 11.9338 39.3177 22.4985 28.7667 30.7735 30.8298 41.719 18.7954 10.4162 ]
D = [ 503 708 847 965 1145 1227 1365 1510 1679 1816 1941 2066 2260 2296 2525 2553 2763 2821 3069 3089 3330 3461 3518 3737 3849 3716 3393 3309 3095 2941 2813 2574 2318 2194 1937 2258 2444 2554 2716 2935 3044 2763 2540 2276 2063 1764 1560 1421 1071 1252 1333 1419 1629 1641 1866 1936 2003 2172 2339 2464 2560 2697 2828 2851 2968 3136 3257 3342 3537 3643 3765 3911 4062 3807 3674 3494 3234 3078 2881 2536 2440 2202 1991 2231 2467 2607 2964 3146 3334 3046 2711 2351 2078 1752 1463 1186 ]
