n = 20 ; 
T = 96 ; 
Init = [ 0 0 1 0 0 1 0 0 1 0 0 0 0 0 0 0 0 1 0 1 ]
L = [ 9 15 4 15 11 14 10 18 8 6 8 4 17 18 17 17 5 16 13 13 ]
l = [ 9 15 4 15 11 14 10 18 8 6 8 4 17 18 17 17 5 16 13 13 ]
Pmin = [ 164 318 36 312 222 262 167 378 143 110 134 72 324 362 325 347 73 317 261 278 ]
Pmax = [ 180 335 36 318 222 276 181 395 143 110 147 72 341 385 353 381 73 329 270 289 ]
cf = [ 32.5376 16.8048 43.0715 62.0274 44.8563 55.1957 68.9894 10.1967 28.8024 37.0949 42.9314 62.1889 33.6227 12.1077 43.847 62.6035 50.7525 17.7246 9.32809 52.6317 ]
c0 = [ 131 234 52 225 165 192 134 250 107 90 122 65 230 241 236 239 72 233 181 192 ]
cp = [ 37.8253 26.4181 41.7889 31.9906 20.8927 25.5215 18.1942 10.7159 35.3568 39.7495 32.3573 41.9624 17.722 11.5317 10.8813 14.5478 39.6544 13.3442 22.0515 19.1764 ]
D = [ 608 691 873 1045 1159 1344 1567 1636 1718 1994 2015 2304 2441 2474 2637 2797 3024 3065 3322 3488 3618 3751 3884 4098 4207 3952 3760 3657 3371 3195 3116 2938 2695 2470 2315 2526 2648 2700 2830 3062 3062 2878 2707 2508 2207 1872 1684 1460 1290 1423 1463 1700 1823 1943 1899 2030 2253 2392 2462 2643 2632 2783 2958 3046 3199 3298 3435 3638 3624 3796 3932 3995 4213 4030 3732 3597 3264 3091 2915 2769 2429 2349 2141 2228 2571 2800 2896 3163 3409 3110 2737 2507 2238 1918 1655 1240 ]
