n = 20 ; 
T = 96 ; 
Init = [ 0 0 0 0 0 0 0 0 1 1 0 1 0 1 1 1 0 1 0 1 ]
L = [ 11 12 19 19 13 13 8 19 19 4 14 7 8 17 18 18 15 5 4 17 ]
l = [ 11 12 19 19 13 13 8 19 19 4 14 7 8 17 18 18 15 5 4 17 ]
Pmin = [ 202 211 378 367 256 234 142 371 378 63 303 137 179 367 368 378 319 77 74 353 ]
Pmax = [ 217 212 419 396 271 251 142 408 420 63 303 137 179 378 376 404 321 80 74 359 ]
cf = [ 44.0637 57.363 43.5206 34.4183 41.6244 32.0807 7.82921 31.5428 41.0103 49.6192 20.7705 12.2563 23.4776 65.6606 43.6388 44.4256 50.4993 56.9788 54.3903 21.887 ]
c0 = [ 154 161 250 250 183 178 111 249 250 75 217 119 137 250 245 250 218 84 82 236 ]
cp = [ 24.5748 28.1451 16.5775 10.7582 33.2039 33.531 31.2798 13.6467 14.2024 41.9096 19.4657 35.93 35.1427 17.6562 10.5255 13.5697 20.5388 37.2259 40.3009 25.4906 ]
D = [ 712 994 1100 1303 1387 1547 1650 1777 1892 2167 2316 2402 2599 2624 2739 2964 3097 3186 3446 3513 3731 3795 3881 4120 4175 4035 3828 3706 3492 3291 3235 2959 2896 2604 2387 2646 2951 3076 3319 3397 3653 3428 3173 2810 2667 2384 2103 1750 1585 1624 1698 1858 2069 2200 2326 2515 2571 2600 2904 3047 3039 3201 3447 3561 3564 3686 3855 4105 4244 4321 4500 4629 4697 4445 4357 3983 3773 3695 3348 3125 2952 2744 2547 2630 2799 2973 3110 3401 3470 3353 3028 2730 2441 2228 1910 1690 ]
