n = 20 ; 
T = 96 ; 
Init = [ 0 1 0 1 1 1 1 0 0 1 1 0 1 0 0 0 0 1 1 0 ]
L = [ 16 9 9 7 7 11 7 7 17 17 16 16 16 5 5 10 11 16 16 15 ]
l = [ 16 9 9 7 7 11 7 7 17 17 16 16 16 5 5 10 11 16 16 15 ]
Pmin = [ 281 167 167 93 93 219 108 108 348 348 297 297 314 75 75 178 194 315 315 325 ]
Pmax = [ 309 174 174 96 96 231 108 108 350 350 329 329 336 79 79 184 212 346 346 325 ]
cf = [ 58.793 43.6567 43.6567 31.0492 31.0492 57.6214 51.5794 51.5794 12.891 12.891 58.4872 58.4872 68.4434 58.0989 58.0989 17.3578 14.3651 15.2654 15.2654 57.2112 ]
c0 = [ 198 135 135 96 96 171 85 85 250 250 218 218 217 66 66 130 139 215 215 226 ]
cp = [ 17.7622 29.6669 29.6669 38.264 38.264 20.784 38.4487 38.4487 13.6421 13.6421 13.2707 13.2707 10.7914 38.8852 38.8852 34.3478 28.8163 20.1805 20.1805 25.1563 ]
D = [ 773 867 1020 1044 1309 1423 1539 1597 1677 1863 1906 2050 2190 2259 2376 2575 2636 2755 2898 2996 3107 3222 3336 3421 3596 3403 3354 3135 2931 2733 2718 2535 2312 2164 2053 2154 2345 2576 2783 2935 3066 2736 2454 2312 1932 1648 1419 1148 790 1031 1113 1187 1375 1567 1599 1752 1925 1937 2029 2216 2280 2457 2654 2765 2801 2967 3027 3177 3339 3534 3583 3738 3815 3747 3439 3300 3217 3061 2825 2722 2517 2405 2253 2243 2497 2551 2737 2872 2981 2779 2455 2313 1998 1913 1593 1356 ]
