n = 20 ; 
T = 96 ; 
Init = [ 1 0 0 0 1 0 1 0 0 1 0 0 1 1 0 0 0 0 1 1 ]
L = [ 11 18 17 9 10 11 5 8 19 17 4 20 12 13 7 6 8 11 9 15 ]
l = [ 11 18 17 9 10 11 5 8 19 17 4 20 12 13 7 6 8 11 9 15 ]
Pmin = [ 223 378 340 171 165 209 91 158 378 329 75 378 262 243 134 88 158 214 169 328 ]
Pmax = [ 231 388 377 176 183 219 91 158 385 350 75 420 262 260 134 88 158 221 169 329 ]
cf = [ 28.543 48.6736 16.9607 24.2322 65.5887 65.7618 58.9358 55.6542 30.0564 54.9381 47.7051 11.0282 28.6541 33.367 54.7719 17.9016 11.1113 37.0943 28.2401 25.4739 ]
c0 = [ 171 250 244 139 138 161 90 119 250 222 84 250 179 188 123 73 121 170 144 224 ]
cp = [ 29.3974 17.8398 16.9719 35.2982 26.9484 35.537 40.7308 33.0773 10.255 15.3601 40.64 10.812 36.4659 20.2286 38.0914 35.327 33.745 19.9487 30.5835 17.2079 ]
D = [ 737 811 917 1124 1207 1351 1411 1548 1777 1856 1935 2164 2225 2465 2455 2584 2804 2865 3041 3274 3393 3469 3514 3703 3926 3650 3573 3256 3100 2959 2744 2548 2348 2276 1984 2248 2361 2511 2778 2818 3084 2738 2655 2290 2221 1996 1626 1474 1256 1342 1558 1662 1681 1760 1888 2115 2159 2270 2478 2459 2628 2765 2865 3019 3089 3235 3320 3438 3556 3671 3774 3891 4031 3899 3637 3537 3237 3059 2800 2754 2547 2388 2160 2192 2334 2625 2770 2839 2955 2803 2519 2300 1998 1699 1518 1340 ]
