n = 20 ; 
T = 96 ; 
Init = [ 0 0 0 0 0 0 1 0 0 1 1 0 1 0 0 0 0 1 1 1 ]
L = [ 13 13 5 5 14 14 7 7 18 18 8 6 10 14 6 6 16 16 13 4 ]
l = [ 13 13 5 5 14 14 7 7 18 18 8 6 10 14 6 6 16 16 13 4 ]
Pmin = [ 232 232 71 71 297 297 113 113 378 378 164 115 191 311 83 83 304 304 272 65 ]
Pmax = [ 236 236 71 71 297 297 113 113 411 411 164 115 191 317 85 85 327 327 272 65 ]
cf = [ 67.6369 67.6369 62.4522 62.4522 28.029 28.029 49.1016 49.1016 64.828 64.828 30.0146 18.8047 60.2778 64.3541 24.7367 24.7367 52.3242 52.3242 53.7082 57.9577 ]
c0 = [ 179 179 74 74 213 213 96 96 250 250 133 109 154 220 90 90 210 210 186 69 ]
cp = [ 22.7991 22.7991 36.7968 36.7968 15.5978 15.5978 36.1917 36.1917 15.6297 15.6297 36.3148 35.2573 29.9959 24.2677 38.0575 38.0575 17.7048 17.7048 22.1623 41.5656 ]
D = [ 710 829 997 1006 1252 1263 1332 1565 1645 1764 1884 1880 2124 2191 2349 2346 2480 2641 2800 2857 2990 3087 3181 3323 3350 3177 3141 2889 2827 2626 2593 2445 2253 2125 2028 2134 2372 2546 2623 2830 3014 2675 2495 2236 2006 1721 1501 1143 923 1107 1203 1262 1400 1538 1678 1758 1854 1989 2019 2130 2311 2427 2454 2639 2661 2876 2922 3012 3148 3341 3303 3560 3634 3370 3219 3101 2985 2723 2673 2384 2348 2132 1944 2093 2215 2367 2486 2745 2769 2591 2330 2208 1884 1691 1491 1232 ]
