n = 20 ; 
T = 96 ; 
Init = [ 1 1 0 1 1 0 0 1 0 0 1 0 1 0 0 0 1 0 1 1 ]
L = [ 9 11 5 13 8 4 17 14 17 15 10 14 11 19 16 4 19 5 18 17 ]
l = [ 9 11 5 13 8 4 17 14 17 15 10 14 11 19 16 4 19 5 18 17 ]
Pmin = [ 185 225 63 272 150 56 352 284 369 312 178 278 221 378 328 36 378 86 378 356 ]
Pmax = [ 185 225 63 289 150 56 373 301 389 324 187 291 221 408 349 36 416 91 383 366 ]
cf = [ 59.8621 36.8696 15.15 53.0514 27.3895 40.4923 69.537 22.1698 46.6631 66.8038 69.2094 16.922 44.8708 21.6439 65.1075 36.1085 69.5179 57.3415 16.5714 47.529 ]
c0 = [ 144 171 63 202 129 70 250 207 250 216 129 199 155 250 238 59 250 77 250 250 ]
cp = [ 23.6686 30.526 37.1656 26.5636 28.7634 41.2307 26.7306 19.8314 14.657 22.4282 31.3632 27.4812 24.3852 9.82614 21.8984 41.6675 15.8574 39.5298 10.5395 23.5323 ]
D = [ 587 734 818 890 1025 1203 1301 1555 1668 1880 2057 2209 2320 2356 2581 2751 2795 3052 3118 3280 3479 3646 3720 3883 4116 3770 3689 3433 3261 3176 2981 2718 2634 2374 2225 2509 2662 2844 3048 3354 3414 3134 2931 2627 2236 1924 1643 1336 987 1118 1314 1421 1648 1766 1878 2010 2111 2325 2363 2570 2624 2930 2898 3119 3238 3496 3573 3723 3901 3984 4053 4230 4342 4267 4028 3753 3696 3430 3310 3012 2921 2668 2521 2714 2825 3034 3217 3473 3567 3307 2914 2582 2299 1919 1665 1359 ]
