n = 20 ; 
T = 96 ; 
Init = [ 0 0 0 0 0 1 0 0 1 0 0 0 1 1 0 1 0 0 1 0 ]
L = [ 16 12 11 13 7 11 7 20 6 14 6 5 13 10 9 5 15 15 15 10 ]
l = [ 16 12 11 13 7 11 7 20 6 14 6 5 13 10 9 5 15 15 15 10 ]
Pmin = [ 334 203 227 247 113 208 134 378 69 261 89 94 237 168 205 42 296 306 310 206 ]
Pmax = [ 342 226 227 268 113 209 134 420 72 262 89 94 262 181 205 42 308 325 314 206 ]
cf = [ 56.5159 11.7774 57.7238 57.9007 20.235 50.0894 65.195 53.933 12.1172 49.6926 43.8837 43.6252 39.2267 20.537 57.691 38.1544 53.9381 20.724 43.8437 20.4437 ]
c0 = [ 234 162 172 175 110 158 110 250 72 182 94 81 168 137 152 62 206 208 217 153 ]
cp = [ 12.7444 31.0694 17.0733 20.6697 34.1593 21.2304 35.0845 9.90275 39.938 17.0475 33.7329 41.1444 30.6026 16.2334 30.6406 41.5789 13.8394 16.9968 10.3591 31.3438 ]
D = [ 578 644 786 966 1078 1217 1305 1462 1559 1648 1712 1883 2009 2200 2268 2332 2509 2576 2784 2915 3073 3078 3248 3324 3541 3371 3194 2994 2960 2656 2555 2446 2239 2156 1948 2029 2261 2318 2587 2637 2814 2645 2365 2167 1911 1573 1470 1112 866 1116 1107 1292 1368 1471 1625 1709 1869 1918 2107 2187 2340 2467 2481 2704 2801 2878 2980 3142 3173 3311 3451 3533 3648 3532 3323 3211 2978 2798 2626 2476 2277 2138 1904 2157 2344 2488 2556 2789 2867 2768 2416 2292 2051 1754 1584 1326 ]
