n = 20 ; 
T = 96 ; 
Init = [ 1 0 0 1 0 0 0 0 0 1 1 0 1 0 1 1 0 0 1 1 ]
L = [ 17 17 11 5 5 13 13 5 16 19 11 11 17 19 17 17 14 19 14 14 ]
l = [ 17 17 11 5 5 13 13 5 16 19 11 11 17 19 17 17 14 19 14 14 ]
Pmin = [ 365 365 193 54 54 254 254 79 315 378 233 233 349 378 349 349 281 378 286 286 ]
Pmax = [ 371 371 208 59 59 264 264 79 338 420 233 233 359 404 372 372 294 406 293 293 ]
cf = [ 32.883 32.883 26.1795 67.6449 67.6449 11.59 11.59 64.5018 43.9635 44.938 17.8681 17.8681 9.39784 49.2451 42.7356 42.7356 53.5876 27.4194 59.1824 59.1824 ]
c0 = [ 250 250 151 58 58 192 192 75 215 250 182 182 242 250 242 242 197 250 204 204 ]
cp = [ 20.6523 20.6523 30.1956 40.1116 40.1116 18.3502 18.3502 38.3885 15.0674 10.52 21.9979 21.9979 11.5662 14.7061 16.6603 16.6603 33.3615 12.1215 16.2236 16.2236 ]
D = [ 822 999 1118 1281 1459 1706 1847 2003 2178 2343 2465 2571 2739 2981 3059 3149 3370 3484 3698 3814 4076 4108 4286 4544 4716 4468 4181 4077 3746 3607 3326 3183 2850 2740 2599 2748 2977 3281 3425 3670 3978 3729 3354 3103 2726 2269 1949 1632 1388 1554 1638 1944 2040 2239 2219 2395 2530 2796 2856 3100 3231 3406 3422 3611 3685 3912 3952 4098 4271 4591 4680 4717 5038 4751 4438 4221 4106 3713 3633 3283 3120 2767 2576 2819 2973 3282 3554 3696 3913 3527 3195 2824 2676 2214 1885 1453 ]
