n = 20 ; 
T = 96 ; 
Init = [ 0 1 1 0 1 1 0 1 1 0 0 0 1 0 0 1 1 1 0 1 ]
L = [ 9 19 10 10 9 17 17 8 17 11 11 16 7 7 14 17 16 19 16 11 ]
l = [ 9 19 10 10 9 17 17 8 17 11 11 16 7 7 14 17 16 19 16 11 ]
Pmin = [ 164 378 198 198 147 349 349 146 341 247 247 319 94 94 279 348 290 377 304 205 ]
Pmax = [ 173 405 198 198 162 360 360 146 372 247 247 354 104 104 291 354 322 415 334 210 ]
cf = [ 65.9814 58.3354 55.7605 55.7605 67.303 63.7094 63.7094 61.2532 32.2105 41.1088 41.1088 29.8193 42.0067 42.0067 66.6312 28.4104 19.594 36.8186 30.4338 30.5274 ]
c0 = [ 141 250 152 152 109 236 236 125 232 189 189 225 83 83 203 248 211 250 221 152 ]
cp = [ 29.663 8.20647 35.6036 35.6036 30.2987 10.3176 10.3176 38.8638 11.1143 27.2109 27.2109 18.8705 37.0685 37.0685 14.9229 23.5281 23.3854 14.1352 9.6372 30.6227 ]
D = [ 866 1130 1299 1293 1440 1735 1723 2044 2133 2156 2466 2548 2678 2818 3061 3032 3250 3373 3514 3785 3889 4030 4079 4245 4518 4337 3986 3920 3672 3522 3354 3158 2927 2780 2628 2816 3038 3343 3507 3670 4049 3607 3332 2926 2675 2298 1913 1534 1187 1434 1440 1570 1853 1981 2052 2175 2323 2387 2664 2656 2955 2992 3172 3348 3319 3629 3756 3822 3999 4059 4215 4354 4566 4349 4093 3920 3789 3427 3394 3051 2999 2637 2486 2759 2964 3126 3188 3405 3691 3394 2967 2718 2323 1939 1729 1366 ]
