n = 20 ; 
T = 96 ; 
Init = [ 0 0 1 1 0 0 0 1 0 0 0 0 0 0 0 0 0 0 1 1 ]
L = [ 14 19 6 18 6 14 10 12 11 6 19 16 15 19 16 6 8 19 18 5 ]
l = [ 14 19 6 18 6 14 10 12 11 6 19 16 15 19 16 6 8 19 18 5 ]
Pmin = [ 291 378 96 347 84 291 167 217 220 118 377 337 311 378 315 102 153 357 378 86 ]
Pmax = [ 295 420 99 379 84 318 178 219 222 118 393 339 325 419 345 102 167 391 393 86 ]
cf = [ 24.2658 9.92148 28.6848 56.173 17.0256 37.2027 34.5885 20.8989 46.3397 25.7116 61.4607 45.4296 20.2663 52.4163 42.91 34.4395 21.5475 19.7484 44.3124 62.5038 ]
c0 = [ 219 250 97 250 75 208 135 155 168 96 250 233 217 250 224 100 132 250 250 82 ]
cp = [ 27.2164 11.2061 35.7436 12.5141 41.4889 17.7917 29.6934 26.3692 17.7394 37.543 13.0179 11.114 16.8148 11.6385 12.9623 38.269 28.4315 12.533 9.177 40.7261 ]
D = [ 748 867 1072 1180 1419 1443 1711 1712 1988 2146 2220 2365 2515 2741 2964 3050 3193 3366 3569 3811 3955 4132 4139 4278 4530 4217 4083 3910 3612 3384 3242 2920 2846 2555 2377 2660 2900 3106 3425 3588 3792 3426 3170 2765 2467 2079 1796 1481 1174 1247 1406 1408 1565 1767 1884 2031 2114 2321 2417 2621 2673 2797 2988 3187 3377 3476 3626 3601 3790 3880 4098 4245 4397 4109 3887 3804 3630 3365 3210 2997 2669 2536 2383 2470 2798 2826 3118 3197 3492 3283 2972 2722 2307 2049 1862 1500 ]
