n = 20 ; 
T = 96 ; 
Init = [ 0 1 0 0 1 1 1 1 0 1 0 1 0 0 1 1 1 0 1 0 ]
L = [ 8 6 6 6 6 14 14 4 9 9 17 11 8 8 9 16 16 16 10 7 ]
l = [ 8 6 6 6 6 14 14 4 9 9 17 11 8 8 9 16 16 16 10 7 ]
Pmin = [ 135 82 82 94 94 304 304 82 184 184 358 231 159 159 183 311 343 343 207 121 ]
Pmax = [ 135 82 82 103 103 304 304 82 187 187 385 231 159 159 183 336 343 343 207 134 ]
cf = [ 53.0647 25.5823 25.5823 68.7809 68.7809 38.7075 38.7075 26.383 47.865 47.865 10.869 15.4858 25.0769 25.0769 34.4603 34.8939 55.4933 55.4933 33.6857 10.8818 ]
c0 = [ 112 91 91 90 90 215 215 85 137 137 242 169 122 122 148 224 246 246 157 109 ]
cp = [ 38.0564 37.4575 37.4575 37.5068 37.5068 35.2564 35.2564 40.5355 30.0193 30.0193 13.845 24.6729 25.4641 25.4641 31.8591 19.8058 12.1037 12.1037 33.5293 37.8082 ]
D = [ 403 517 637 777 893 1007 1252 1304 1372 1547 1717 1835 1924 2105 2098 2356 2391 2579 2640 2768 2836 3025 3185 3268 3468 3209 3099 2861 2780 2576 2361 2313 2102 1884 1707 1987 2114 2265 2475 2693 2897 2712 2336 2212 1938 1580 1444 1083 848 965 1123 1215 1239 1469 1496 1626 1804 1799 1881 2005 2132 2305 2365 2455 2648 2736 2841 2955 3066 3152 3245 3398 3454 3312 3151 2989 2745 2634 2447 2284 2038 1903 1724 1884 2068 2297 2481 2590 2855 2601 2316 2043 1856 1671 1382 1135 ]
