n = 20 ; 
T = 96 ; 
Init = [ 1 0 1 0 0 1 1 0 1 0 0 1 1 1 0 1 1 1 0 0 ]
L = [ 12 12 8 13 16 4 14 8 5 11 16 10 17 10 14 4 5 14 7 4 ]
l = [ 12 12 8 13 16 4 14 8 5 11 16 10 17 10 14 4 5 14 7 4 ]
Pmin = [ 253 244 181 262 339 55 298 155 75 221 338 188 336 183 262 53 111 270 139 63 ]
Pmax = [ 254 256 181 263 371 55 298 155 75 221 338 190 355 183 291 53 111 287 139 63 ]
cf = [ 7.17783 69.8409 62.135 36.328 60.17 62.9451 63.4816 56.4727 20.6943 45.6787 12.3581 29.2349 57.4673 60.2811 58.4166 18.7723 23.1849 55.8264 25.5181 27.1573 ]
c0 = [ 177 172 147 189 235 62 222 116 66 169 227 150 225 132 189 56 104 192 104 67 ]
cp = [ 28.1106 18.9922 38.471 14.5726 21.7093 40.909 23.4199 32.942 39.1194 30.0735 10.3413 30.2994 10.012 34.3086 31.1312 41.8558 38.9749 22.696 37.3054 41.9166 ]
D = [ 542 684 727 955 1044 1144 1311 1398 1481 1585 1730 1819 1925 2053 2207 2372 2421 2615 2697 2752 2943 3081 3146 3264 3329 3278 3141 2920 2825 2602 2518 2290 2091 1932 1813 2044 2177 2265 2465 2561 2786 2606 2266 2071 1749 1596 1298 1056 768 823 968 1074 1145 1373 1387 1538 1686 1776 1881 2023 2148 2178 2296 2505 2578 2638 2764 2908 3030 3062 3135 3355 3491 3305 3129 2912 2824 2592 2463 2268 2131 2036 1837 1962 2136 2293 2458 2519 2655 2474 2375 2033 1921 1680 1587 1287 ]
