n = 20 ; 
T = 96 ; 
Init = [ 0 0 1 1 0 1 0 0 0 0 0 0 0 1 0 0 1 0 1 0 ]
L = [ 6 16 16 14 12 12 14 9 8 8 9 9 5 12 5 5 14 4 4 17 ]
l = [ 6 16 16 14 12 12 14 9 8 8 9 9 5 12 5 5 14 4 4 17 ]
Pmin = [ 61 315 315 265 245 245 266 139 156 156 140 171 69 260 77 77 262 44 44 358 ]
Pmax = [ 66 325 325 289 256 256 293 149 156 156 140 186 72 260 77 77 275 44 44 362 ]
cf = [ 49.5996 62.9536 62.9536 13.6157 12.0519 12.0519 31.5665 7.42595 56.6905 56.6905 10.2665 60.2671 48.3123 42.9461 35.5407 35.5407 14.9721 41.6449 41.6449 34.2532 ]
c0 = [ 70 222 222 202 190 190 193 115 126 126 105 133 81 189 77 77 190 60 60 250 ]
cp = [ 37.4678 12.8449 12.8449 24.246 23.7655 23.7655 22.2801 34.4351 38.0628 38.0628 30.0809 29.2784 38.3039 20.0355 40.5286 40.5286 13.9613 41.261 41.261 29.1831 ]
D = [ 699 804 851 938 1098 1130 1195 1384 1447 1508 1602 1749 1919 1911 2030 2173 2292 2394 2492 2531 2618 2745 2838 2917 2999 2966 2718 2598 2541 2347 2146 2106 1916 1799 1607 1789 2054 2140 2272 2499 2684 2431 2325 2062 1838 1613 1392 1187 1075 1105 1181 1303 1363 1460 1528 1673 1710 1740 1836 1896 2014 2119 2135 2304 2370 2440 2484 2641 2676 2801 2804 2958 3070 2870 2804 2696 2573 2476 2242 2189 2039 1936 1784 1990 2003 2215 2345 2450 2472 2286 2177 1904 1740 1427 1241 1059 ]
