n = 20 ; 
T = 96 ; 
Init = [ 0 0 1 1 1 0 0 1 1 0 1 1 0 0 0 0 0 0 0 0 ]
L = [ 17 11 11 8 16 17 14 14 18 18 11 11 5 19 19 12 12 8 8 7 ]
l = [ 17 11 11 8 16 17 14 14 18 18 11 11 5 19 19 12 12 8 8 7 ]
Pmin = [ 341 228 228 150 328 341 271 271 352 352 218 218 99 378 378 217 217 115 115 119 ]
Pmax = [ 361 232 232 150 348 346 279 279 384 384 218 218 99 420 420 225 225 122 122 119 ]
cf = [ 22.5089 51.7049 51.7049 50.3341 69.5651 24.1739 47.3885 47.3885 11.673 11.673 11.0326 11.0326 51.5861 39.4155 39.4155 36.3568 36.3568 30.0478 30.0478 17.4785 ]
c0 = [ 242 173 173 121 239 230 187 187 241 241 165 165 86 250 250 156 156 105 105 105 ]
cp = [ 11.9806 21.0828 21.0828 33.6027 22.133 20.7721 16.9238 16.9238 10.0082 10.0082 24.5749 24.5749 31.2544 10.9647 10.9647 20.3865 20.3865 25.4255 25.4255 39.8992 ]
D = [ 711 941 1126 1191 1426 1466 1661 1793 1830 2082 2268 2375 2519 2513 2742 2850 3024 3235 3304 3435 3513 3785 3868 4041 4186 4024 3732 3640 3466 3209 3114 2743 2575 2524 2268 2386 2618 2798 3098 3226 3518 3170 2762 2556 2250 1931 1500 1229 899 1067 1338 1472 1537 1714 1862 2050 2130 2287 2304 2522 2612 2743 2999 3074 3311 3310 3483 3680 3768 3852 4051 4127 4278 4178 3976 3787 3522 3315 3253 2954 2775 2654 2349 2470 2763 2842 3011 3244 3530 3119 2973 2561 2331 2110 1824 1500 ]
