n = 20 ; 
T = 96 ; 
Init = [ 1 0 1 1 0 1 1 1 1 1 1 1 1 1 1 0 1 0 0 0 ]
L = [ 18 17 7 6 8 15 20 18 15 13 14 7 12 17 6 14 14 13 19 18 ]
l = [ 18 17 7 6 8 15 20 18 15 13 14 7 12 17 6 14 14 13 19 18 ]
Pmin = [ 369 360 139 100 145 284 378 378 268 255 247 121 249 358 101 272 282 264 369 374 ]
Pmax = [ 399 361 139 100 145 309 420 394 286 272 273 121 249 370 108 284 303 274 405 403 ]
cf = [ 61.022 39.8949 12.4589 56.9997 20.299 18.0835 23.1881 36.0024 48.9869 30.5492 55.9308 60.8081 43.8515 24.7547 45.4047 15.4485 52.709 46.0592 22.104 7.94035 ]
c0 = [ 248 244 115 96 120 203 250 250 189 178 191 105 174 250 92 203 209 193 250 250 ]
cp = [ 11.1507 14.8859 30.9266 38.0502 25.7281 17.9093 10.7892 12.9552 11.785 15.7541 29.1291 35.4003 26.2005 15.4795 31.2956 22.391 18.6798 29.8089 17.1209 10.4037 ]
D = [ 837 1129 1276 1452 1519 1797 1919 2123 2311 2372 2663 2636 2921 3046 3270 3495 3496 3736 3904 4050 4151 4428 4489 4775 4974 4584 4416 4089 3984 3681 3543 3289 2905 2748 2506 2729 2976 3189 3451 3721 4036 3615 3300 3134 2673 2416 2101 1684 1266 1412 1517 1722 1938 1955 2087 2237 2355 2680 2685 2885 2998 3174 3361 3427 3605 3595 3924 4022 4039 4334 4314 4622 4736 4502 4208 4006 3884 3685 3415 3303 2903 2808 2555 2834 3012 3146 3438 3595 3706 3343 3041 2813 2280 2026 1725 1439 ]
