n = 20 ; 
T = 96 ; 
Init = [ 0 1 0 0 0 0 1 0 1 0 1 0 0 1 0 0 0 1 0 0 ]
L = [ 12 18 19 19 6 8 18 8 13 7 15 12 8 16 19 19 13 14 16 14 ]
l = [ 12 18 19 19 6 8 18 8 13 7 15 12 8 16 19 19 13 14 16 14 ]
Pmin = [ 222 378 376 378 108 140 358 150 257 104 295 221 130 329 378 360 227 282 354 264 ]
Pmax = [ 222 420 396 406 112 147 385 150 271 104 302 229 134 339 420 391 241 282 366 264 ]
cf = [ 23.9203 39.9132 64.288 39.9044 19.7015 42.3613 53.5019 37.942 33.4892 33.9468 20.5935 25.0293 36.1534 20.3707 29.8332 53.1776 11.6341 46.5098 12.1915 27.2519 ]
c0 = [ 174 250 250 250 91 123 243 118 181 85 207 176 116 241 250 250 161 213 250 191 ]
cp = [ 21.6378 14.4538 11.2235 9.29914 41.5204 32.5309 20.7835 37.4307 25.3417 35.9987 20.6069 22.8882 32.8978 13.7749 10.8234 10.4963 22.2004 17.9996 18.9268 21.5232 ]
D = [ 992 1045 1207 1458 1488 1778 1777 2065 2228 2354 2370 2607 2770 2941 3164 3328 3455 3486 3686 3968 4030 4101 4247 4423 4587 4417 4313 4050 3852 3585 3496 3219 3055 2765 2583 2707 2965 3247 3296 3561 3812 3395 3209 2727 2532 2205 1937 1506 1189 1335 1501 1692 1736 1848 2051 2243 2269 2403 2641 2793 2953 3110 3107 3343 3550 3607 3681 3797 3994 4119 4366 4355 4539 4335 4264 3996 3814 3521 3270 3099 3017 2789 2462 2707 2874 3238 3328 3585 3941 3586 3105 2937 2596 2179 1899 1623 ]
