n = 20 ; 
T = 96 ; 
Init = [ 0 0 0 0 1 1 0 0 0 1 0 0 0 1 0 1 0 0 1 0 ]
L = [ 16 16 13 13 13 13 11 12 12 12 12 15 4 14 15 15 15 15 7 7 ]
l = [ 16 16 13 13 13 13 11 12 12 12 12 15 4 14 15 15 15 15 7 7 ]
Pmin = [ 340 340 235 231 238 238 205 271 271 255 255 279 50 252 297 297 296 296 132 132 ]
Pmax = [ 342 342 255 252 252 252 219 271 271 267 267 307 54 272 320 320 317 317 132 132 ]
cf = [ 36.6489 36.6489 59.1439 56.2055 67.5033 67.5033 19.1208 38.198 38.198 61.3155 61.3155 35.608 18.2963 66.7699 34.0236 34.0236 68.5947 68.5947 33.657 33.657 ]
c0 = [ 244 244 173 168 171 171 166 190 190 193 193 206 64 176 212 212 212 212 106 106 ]
cp = [ 21.4701 21.4701 18.691 23.2639 22.4124 22.4124 33.8416 30.0643 30.0643 31.9153 31.9153 15.6088 41.4003 24.5019 15.0806 15.0806 11.8987 11.8987 30.922 30.922 ]
D = [ 509 640 948 1023 1211 1314 1573 1640 1734 2027 2137 2289 2462 2495 2784 2914 3038 3241 3265 3452 3565 3804 3918 4044 4301 4172 3872 3696 3478 3416 3213 2952 2868 2629 2479 2599 2859 2985 3208 3407 3483 3184 2902 2519 2288 1951 1734 1284 1081 1155 1237 1454 1601 1692 1875 1954 2025 2130 2309 2514 2653 2776 2875 2964 3134 3255 3435 3418 3560 3660 3904 4013 4198 4005 3841 3693 3386 3386 3090 3008 2765 2615 2433 2733 2878 3084 3147 3426 3421 3253 2949 2676 2314 1982 1671 1351 ]
