n = 20 ; 
T = 96 ; 
Init = [ 0 1 1 1 0 0 1 1 0 1 0 1 0 0 1 1 1 1 1 0 ]
L = [ 7 11 11 5 5 8 8 13 13 15 5 5 8 8 8 8 5 12 12 10 ]
l = [ 7 11 11 5 5 8 8 13 13 15 5 5 8 8 8 8 5 12 12 10 ]
Pmin = [ 155 211 211 82 82 152 152 265 265 292 64 64 142 142 160 160 64 221 221 167 ]
Pmax = [ 155 211 211 82 82 152 152 265 265 314 66 66 142 142 163 163 64 241 241 176 ]
cf = [ 32.1013 35.5679 35.5679 54.4273 54.4273 69.5922 69.5922 18.2766 18.2766 30.9552 12.84 12.84 21.257 21.257 31.5307 31.5307 35.2322 20.5298 20.5298 48.8063 ]
c0 = [ 120 168 168 79 79 127 127 201 201 216 66 66 109 109 139 139 58 158 158 142 ]
cp = [ 36.9128 37.7487 37.7487 40.2232 40.2232 36.5033 36.5033 23.5247 23.5247 18.4445 34.788 34.788 36.4436 36.4436 29.5935 29.5935 39.6484 29.7304 29.7304 35.8228 ]
D = [ 464 544 695 828 852 903 1024 1173 1259 1291 1343 1453 1569 1637 1766 1889 1929 1994 2082 2154 2299 2382 2480 2530 2700 2483 2357 2311 2191 2068 1905 1863 1731 1631 1514 1668 1763 1794 2007 2099 2191 2063 1873 1687 1421 1271 1119 922 708 816 884 959 1055 1074 1144 1231 1321 1463 1534 1638 1661 1767 1848 1902 1985 2040 2185 2208 2259 2404 2463 2550 2611 2458 2355 2248 2066 2031 1832 1749 1625 1534 1446 1484 1714 1762 1926 2050 2279 2000 1832 1688 1554 1388 1219 971 ]
