n = 20 ; 
T = 96 ; 
Init = [ 0 0 1 1 1 0 1 0 1 0 1 0 1 1 1 1 0 0 0 1 ]
L = [ 5 5 4 7 9 15 15 13 10 10 17 14 14 16 13 13 13 13 14 14 ]
l = [ 5 5 4 7 9 15 15 13 10 10 17 14 14 16 13 13 13 13 14 14 ]
Pmin = [ 94 94 51 96 169 298 298 269 150 150 348 273 273 293 253 253 248 248 288 288 ]
Pmax = [ 94 94 51 96 172 298 298 269 164 164 370 273 273 320 270 270 264 264 293 293 ]
cf = [ 24.1359 24.1359 60.4225 33.6905 66.3898 21.2573 21.2573 35.065 50.0894 50.0894 18.2647 39.2206 39.2206 22.7837 19.0071 19.0071 52.9643 52.9643 45.3023 45.3023 ]
c0 = [ 81 81 58 85 142 214 214 191 121 121 238 206 206 220 175 175 186 186 202 202 ]
cp = [ 35.1985 35.1985 41.3449 41.1466 27.8595 12.866 12.866 23.8163 20.3469 20.3469 13.9705 17.3849 17.3849 28.8989 15.4794 15.4794 19.0507 19.0507 19.4947 19.4947 ]
D = [ 463 600 722 901 941 1158 1360 1497 1474 1763 1780 1962 2123 2223 2461 2579 2668 2829 2926 3004 3176 3375 3399 3601 3708 3650 3426 3322 3079 3007 2860 2689 2447 2285 2155 2294 2351 2594 2732 2797 3024 2817 2534 2223 1978 1796 1464 1340 1118 1250 1269 1437 1507 1584 1671 1832 1924 2171 2252 2344 2454 2527 2698 2735 2969 3058 3175 3278 3329 3549 3653 3768 3902 3670 3414 3302 3132 2996 2818 2596 2476 2201 2032 2192 2374 2502 2707 2865 2955 2743 2496 2366 2112 1920 1711 1406 ]
