n = 10 ; 
T = 96 ; 
Init = [ 1 0 0 0 0 1 1 0 0 0 ]
L = [ 20 13 11 18 17 4 14 14 13 17 ]
l = [ 20 13 11 18 17 4 14 14 13 17 ]
Pmin = [ 315 207 208 315 309 63 228 238 214 265 ]
Pmax = [ 420 267 238 399 381 66 287 283 251 349 ]
cf = [ 55.2215 51.5337 39.0339 53.277 43.0759 24.2902 43.5362 26.3804 37.4132 48.1441 ]
c0 = [ 250 182 189 250 246 80 196 200 193 233 ]
cp = [ 8.35375 16.6148 26.4255 9.3352 18.3525 39.9628 11.8023 18.7171 30.4115 11.6447 ]
D = [ 439 465 623 660 788 768 874 975 1082 1094 1214 1285 1374 1478 1497 1599 1691 1805 1886 1900 1998 2049 2195 2265 2334 2216 2110 2009 1900 1774 1754 1562 1484 1442 1310 1378 1535 1628 1718 1804 1931 1719 1555 1450 1265 1142 1060 887 762 796 892 917 945 1042 1159 1162 1239 1366 1392 1428 1523 1621 1617 1708 1800 1884 1905 2031 2097 2158 2244 2230 2354 2245 2121 2042 1941 1792 1752 1626 1545 1433 1366 1427 1524 1588 1685 1692 1815 1661 1528 1368 1246 1142 1007 909 ]
