n = 10 ; 
T = 96 ; 
Init = [ 0 1 0 0 1 1 0 1 1 1 ]
L = [ 19 7 8 12 10 11 9 18 6 11 ]
l = [ 19 7 8 12 10 11 9 18 6 11 ]
Pmin = [ 315 112 114 191 135 164 134 306 106 204 ]
Pmax = [ 418 139 134 247 172 203 175 377 118 234 ]
cf = [ 39.3445 60.8675 16.1568 47.5311 39.7686 36.5191 62.9708 8.1348 63.2354 57.6538 ]
c0 = [ 250 108 103 166 133 153 120 250 99 173 ]
cp = [ 9.0812 40.5466 33.3878 26.3068 28.7238 31.143 23.5837 15.9732 35.9351 32.8963 ]
D = [ 166 268 290 330 419 465 516 620 644 717 776 870 906 932 982 1101 1148 1223 1291 1301 1367 1431 1472 1547 1602 1573 1455 1376 1276 1260 1165 1066 1021 960 841 905 982 1080 1188 1229 1268 1184 1067 961 843 717 599 468 385 395 455 545 586 643 708 738 777 819 881 935 1007 1057 1113 1206 1217 1310 1367 1409 1431 1499 1540 1625 1691 1588 1476 1418 1324 1297 1178 1145 1074 962 893 974 1029 1136 1264 1306 1401 1258 1165 1072 925 835 710 592 ]
