n = 10 ; 
T = 96 ; 
Init = [ 1 0 1 0 0 0 0 1 0 1 ]
L = [ 12 16 16 15 12 14 17 10 16 4 ]
l = [ 12 16 16 15 12 14 17 10 16 4 ]
Pmin = [ 185 272 279 239 188 206 281 136 267 65 ]
Pmax = [ 245 329 352 315 227 272 374 174 327 67 ]
cf = [ 44.2086 46.9405 31.9087 12.8468 65.7358 34.3604 31.8928 62.3141 60.3137 40.3072 ]
c0 = [ 161 235 239 198 169 190 241 125 234 72 ]
cp = [ 20.5377 17.7681 20.8084 15.8232 29.5795 24.4629 16.5206 20.2944 21.0117 40.5591 ]
D = [ 466 482 603 592 658 759 822 929 935 1038 1089 1126 1215 1318 1409 1438 1481 1576 1676 1691 1771 1825 1929 1961 2012 1936 1848 1752 1720 1629 1499 1465 1416 1248 1228 1273 1419 1491 1669 1753 1861 1664 1543 1314 1153 1056 882 696 552 600 660 788 830 877 963 997 1089 1132 1200 1299 1405 1413 1461 1534 1614 1734 1810 1855 1923 2025 2069 2110 2200 2050 2015 1863 1822 1709 1564 1483 1349 1288 1173 1282 1283 1363 1438 1555 1609 1486 1345 1239 1147 986 885 805 ]
