n = 10 ; 
T = 96 ; 
Init = [ 1 0 0 0 1 0 0 0 0 0 ]
L = [ 16 9 5 10 16 5 8 9 8 9 ]
l = [ 16 9 5 10 16 5 8 9 8 9 ]
Pmin = [ 264 136 70 137 271 55 99 132 102 146 ]
Pmax = [ 327 171 70 176 349 55 125 161 136 165 ]
cf = [ 27.5743 12.5639 29.1059 58.0532 19.5811 24.2853 60.252 46.4161 35.9761 41.7504 ]
c0 = [ 231 135 85 131 226 63 100 125 107 144 ]
cp = [ 13.5114 35.2563 41.6873 37.6546 13.3584 40.9922 30.6386 34.1003 21.542 34.8017 ]
D = [ 247 324 351 395 451 463 514 565 627 670 713 763 763 809 868 881 955 1000 1027 1071 1138 1169 1190 1245 1267 1242 1158 1083 1043 958 910 860 809 746 643 726 755 836 873 976 1002 905 879 784 690 626 556 493 402 434 429 495 507 544 578 622 675 722 722 774 780 806 884 913 917 984 981 1020 1084 1119 1142 1163 1205 1155 1105 1051 962 953 881 840 775 719 655 747 819 880 927 1017 1091 996 885 822 718 596 529 450 ]
