n = 10 ; 
T = 96 ; 
Init = [ 0 1 1 1 0 1 0 0 1 1 ]
L = [ 10 9 6 5 14 11 13 9 18 9 ]
l = [ 10 9 6 5 14 11 13 9 18 9 ]
Pmin = [ 151 141 72 63 218 193 215 140 313 136 ]
Pmax = [ 196 155 83 63 280 230 282 174 387 160 ]
cf = [ 39.076 58.2719 62.0404 8.7156 20.3292 66.6535 56.1465 63.7625 39.1603 35.3748 ]
c0 = [ 135 133 88 78 184 166 183 133 250 131 ]
cp = [ 31.8214 25.2807 31.9628 41.5988 27.9033 26.9761 25.7976 28.3201 11.6513 37.6464 ]
D = [ 234 281 329 413 425 521 524 613 664 720 788 842 897 915 998 1029 1107 1145 1179 1267 1317 1335 1411 1469 1526 1414 1350 1300 1229 1196 1113 996 956 868 847 892 974 1028 1045 1125 1182 1055 977 878 781 668 547 475 354 436 474 493 514 569 651 641 680 778 796 815 894 899 941 1016 1044 1109 1117 1184 1206 1281 1286 1361 1415 1349 1297 1214 1146 1128 1036 990 947 850 846 917 968 1074 1157 1205 1301 1173 1075 955 855 757 605 490 ]
