n = 10 ; 
T = 96 ; 
Init = [ 1 0 0 0 1 1 0 1 1 0 ]
L = [ 8 13 17 17 19 10 6 10 9 17 ]
l = [ 8 13 17 17 19 10 6 10 9 17 ]
Pmin = [ 133 207 288 266 315 167 71 151 138 291 ]
Pmax = [ 168 241 357 347 420 215 77 172 175 387 ]
cf = [ 37.815 58.4947 60.7349 49.9544 60.7429 50.8932 39.6947 19.5771 61.4898 10.7557 ]
c0 = [ 118 181 238 236 250 161 80 151 139 247 ]
cp = [ 32.6131 22.4119 14.966 22.8561 9.53083 23.8224 38.0394 23.9788 36.8825 10.2326 ]
D = [ 231 351 405 428 504 626 651 763 789 868 953 998 1120 1167 1289 1310 1428 1492 1516 1619 1698 1794 1882 1934 2001 1851 1823 1721 1641 1515 1371 1301 1223 1146 1025 1138 1211 1316 1382 1494 1605 1476 1353 1221 1066 992 893 783 619 697 740 795 856 894 966 997 1074 1173 1222 1232 1307 1379 1457 1461 1508 1608 1633 1753 1760 1855 1851 1987 2014 1958 1811 1748 1643 1538 1466 1412 1328 1241 1100 1196 1266 1402 1472 1561 1653 1482 1377 1255 1098 928 838 671 ]
