n = 10 ; 
T = 96 ; 
Init = [ 1 1 1 0 0 1 1 1 0 1 ]
L = [ 8 8 7 8 16 19 15 11 5 19 ]
l = [ 8 8 7 8 16 19 15 11 5 19 ]
Pmin = [ 106 133 87 110 272 315 232 186 54 315 ]
Pmax = [ 126 168 87 118 331 420 309 218 59 420 ]
cf = [ 39.479 63.6632 44.4023 43.7641 16.1445 54.8536 41.5609 50.048 18.921 69.3698 ]
c0 = [ 117 123 88 115 221 250 210 167 74 250 ]
cp = [ 35.8823 24.4 35.2774 32.8712 21.3074 11.2447 21.3095 25.6514 41.1603 12.7668 ]
D = [ 234 359 367 456 475 556 617 663 739 761 837 878 925 968 1023 1140 1173 1182 1276 1309 1359 1425 1516 1576 1606 1558 1457 1371 1297 1271 1187 1094 1064 1006 946 1015 1045 1127 1186 1237 1358 1255 1106 961 845 769 612 547 436 485 523 588 603 696 754 812 816 921 944 1030 1071 1094 1216 1270 1285 1316 1423 1450 1523 1600 1628 1667 1703 1647 1545 1519 1417 1304 1286 1173 1126 1018 914 966 1034 1144 1198 1215 1301 1150 1099 924 814 756 580 503 ]
