n = 10 ; 
T = 96 ; 
Init = [ 1 0 0 1 1 0 1 1 1 1 ]
L = [ 14 14 19 15 18 6 13 17 6 16 ]
l = [ 14 14 19 15 18 6 13 17 6 16 ]
Pmin = [ 244 229 315 247 290 104 211 270 61 283 ]
Pmax = [ 301 283 419 291 363 105 267 356 80 349 ]
cf = [ 56.5041 53.3409 43.079 40.9023 65.1888 46.5028 31.3049 25.8649 11.4958 57.6359 ]
c0 = [ 210 195 250 219 250 99 184 230 85 233 ]
cp = [ 31.8268 28.6698 8.95101 21.451 10.0221 39.2126 17.2947 12.9781 38.3943 18.5488 ]
D = [ 298 350 468 457 601 684 758 785 885 989 1031 1146 1280 1335 1387 1458 1560 1608 1759 1858 1943 1969 2045 2122 2222 2090 2010 1892 1824 1690 1654 1517 1450 1354 1221 1320 1427 1487 1628 1751 1835 1675 1475 1350 1163 1030 893 727 597 651 675 714 788 889 959 999 1069 1199 1175 1249 1345 1416 1495 1550 1659 1665 1702 1810 1871 1942 2022 2109 2106 2017 1932 1859 1779 1689 1554 1479 1376 1296 1193 1309 1379 1491 1677 1751 1831 1748 1557 1394 1220 1042 963 737 ]
