n = 10 ; 
T = 96 ; 
Init = [ 0 0 1 1 0 0 0 0 1 0 ]
L = [ 12 4 12 7 5 19 7 7 17 20 ]
l = [ 12 4 12 7 5 19 7 7 17 20 ]
Pmin = [ 211 76 221 83 50 307 113 120 277 315 ]
Pmax = [ 258 76 263 108 56 398 136 126 369 413 ]
cf = [ 18.3577 53.0541 44.8119 69.0716 29.1942 68.6683 69.9532 25.8803 42.4217 59.7717 ]
c0 = [ 190 89 191 89 63 250 118 112 239 250 ]
cp = [ 20.8865 41.3543 22.0943 34.9758 40.807 9.1362 32.4267 33.4444 14.8121 9.85728 ]
D = [ 222 304 365 445 468 526 591 606 651 710 791 842 925 970 988 1063 1146 1203 1197 1308 1319 1359 1471 1504 1562 1498 1448 1364 1277 1180 1171 1075 1006 932 862 904 974 1057 1131 1193 1281 1211 1099 973 894 817 712 591 542 550 593 666 693 722 777 848 866 967 968 1052 1082 1123 1206 1246 1289 1361 1416 1417 1475 1502 1593 1600 1692 1635 1540 1441 1345 1302 1193 1116 1032 988 935 984 1075 1183 1254 1314 1403 1222 1116 982 866 722 651 529 ]
