n = 10 ; 
T = 96 ; 
Init = [ 1 1 1 0 1 0 0 0 0 1 ]
L = [ 19 7 11 19 15 12 4 12 7 14 ]
l = [ 19 7 11 19 15 12 4 12 7 14 ]
Pmin = [ 315 95 176 302 235 195 45 210 119 261 ]
Pmax = [ 400 120 197 397 311 223 45 253 125 309 ]
cf = [ 54.735 46.8662 42.0514 11.8159 64.6931 53.8248 23.0872 67.1882 36.8482 58.4883 ]
c0 = [ 250 92 159 241 193 172 52 188 116 229 ]
cp = [ 11.6369 39.2064 27.1802 14.2904 23.086 16.9994 41.8861 26.3735 37.7596 23.3035 ]
D = [ 297 399 443 535 570 625 708 765 847 892 955 987 1077 1115 1206 1250 1280 1361 1399 1471 1539 1642 1675 1719 1784 1700 1669 1565 1449 1390 1278 1202 1105 1055 1009 1055 1167 1232 1354 1407 1456 1381 1285 1165 1067 921 783 733 583 612 661 759 840 869 933 960 1039 1031 1123 1155 1264 1316 1375 1384 1472 1499 1550 1597 1640 1683 1745 1834 1851 1751 1680 1581 1475 1398 1290 1230 1129 1017 923 1044 1180 1212 1386 1469 1519 1406 1302 1161 968 869 684 526 ]
