n = 10 ; 
T = 96 ; 
Init = [ 1 1 1 1 0 0 0 1 1 0 ]
L = [ 17 9 19 8 15 15 18 15 12 16 ]
l = [ 17 9 19 8 15 15 18 15 12 16 ]
Pmin = [ 293 153 315 126 236 255 310 242 190 267 ]
Pmax = [ 363 169 399 147 312 336 392 310 248 316 ]
cf = [ 56.4196 57.9216 8.25248 63.722 28.2715 44.9072 53.2801 51.5734 17.0796 28.1041 ]
c0 = [ 250 147 250 129 193 212 250 206 170 222 ]
cp = [ 10.7408 31.8793 15.0204 38.5409 15.7267 14.063 11.7907 22.7457 25.8471 15.6433 ]
D = [ 443 551 662 708 798 895 936 1002 1072 1146 1238 1336 1349 1518 1519 1616 1729 1836 1851 1951 2000 2146 2157 2203 2292 2249 2167 2084 1977 1818 1725 1609 1585 1421 1377 1454 1500 1612 1677 1820 1927 1746 1543 1430 1235 1060 862 703 530 670 732 826 878 955 1040 1136 1217 1284 1351 1366 1487 1537 1608 1747 1768 1888 1937 2047 2029 2132 2215 2293 2364 2271 2186 2083 1917 1825 1697 1599 1468 1429 1247 1412 1487 1634 1716 1797 1935 1750 1616 1438 1331 1193 975 813 ]
