n = 10 ; 
T = 96 ; 
Init = [ 0 1 1 0 1 1 0 0 0 0 ]
L = [ 18 16 15 16 6 12 6 17 7 5 ]
l = [ 18 16 15 16 6 12 6 17 7 5 ]
Pmin = [ 308 257 239 259 103 181 64 276 116 55 ]
Pmax = [ 395 331 311 322 103 223 67 345 135 71 ]
cf = [ 62.418 32.5962 66.0762 32.1945 51.0092 55.5685 32.9886 62.032 55.9075 13.7366 ]
c0 = [ 250 224 197 230 113 156 70 224 116 72 ]
cp = [ 15.0587 11.441 26.1343 22.2411 36.4831 32.7786 39.7552 15.9732 28.6269 38.5715 ]
D = [ 222 330 339 450 474 527 580 640 720 759 812 918 955 1004 1067 1184 1178 1281 1363 1391 1441 1528 1606 1615 1694 1658 1537 1471 1376 1334 1215 1161 1089 995 915 978 1124 1209 1271 1359 1499 1332 1244 1063 960 874 749 578 468 543 587 625 659 716 813 808 901 947 1025 1025 1148 1195 1248 1285 1301 1348 1431 1483 1570 1599 1675 1727 1759 1659 1587 1509 1486 1411 1305 1223 1168 1052 954 1027 1137 1230 1243 1316 1402 1335 1174 1071 997 835 715 678 ]
