n = 10 ; 
T = 96 ; 
Init = [ 0 0 0 0 1 0 1 0 1 0 ]
L = [ 13 7 6 7 9 15 19 19 17 19 ]
l = [ 13 7 6 7 9 15 19 19 17 19 ]
Pmin = [ 216 98 80 99 130 264 312 315 283 315 ]
Pmax = [ 287 119 93 99 155 324 399 399 362 418 ]
cf = [ 57.0597 52.3131 39.5205 11.1134 65.7788 69.5226 43.0868 20.1219 9.89911 69.4293 ]
c0 = [ 190 94 84 102 115 219 250 250 244 250 ]
cp = [ 23.2785 35.2244 29.2678 33.6817 28.7031 17.3181 12.6097 11.0787 11.7641 11.5906 ]
D = [ 415 485 516 599 621 706 753 823 924 986 1017 1139 1133 1263 1314 1333 1436 1480 1571 1633 1666 1762 1786 1876 1957 1826 1745 1703 1593 1495 1443 1309 1217 1133 1019 1145 1254 1294 1426 1482 1610 1404 1301 1143 1003 887 775 674 468 608 675 681 737 848 830 964 1021 1046 1084 1144 1230 1310 1394 1435 1474 1529 1614 1668 1751 1811 1856 1866 1945 1875 1824 1713 1583 1497 1465 1325 1229 1204 1099 1169 1274 1351 1405 1507 1549 1461 1355 1213 1057 973 814 725 ]
