n = 10 ; 
T = 96 ; 
Init = [ 1 0 0 0 1 0 0 0 0 0 ]
L = [ 7 17 10 18 8 5 15 11 5 10 ]
l = [ 7 17 10 18 8 5 15 11 5 10 ]
Pmin = [ 97 307 157 288 135 39 242 193 60 146 ]
Pmax = [ 117 370 190 368 154 49 316 235 77 176 ]
cf = [ 65.6445 55.9148 66.6485 28.7733 9.03761 51.8564 50.9786 45.4582 51.3333 36.6081 ]
c0 = [ 99 250 139 244 134 51 202 182 69 127 ]
cp = [ 30.1661 13.0545 29.021 15.9341 36.1559 40.248 28.4016 25.3158 41.127 32.5013 ]
D = [ 272 334 399 458 486 510 566 618 672 756 813 830 852 956 994 1002 1098 1126 1145 1201 1275 1340 1395 1396 1467 1400 1379 1293 1256 1155 1145 1091 1003 943 898 974 1006 1085 1096 1201 1247 1171 1014 937 849 747 630 521 413 484 528 575 616 632 700 765 762 835 869 932 951 1002 1105 1143 1146 1228 1254 1284 1380 1433 1479 1510 1550 1474 1435 1315 1241 1207 1129 1064 985 904 838 887 975 1064 1131 1169 1215 1107 1064 920 815 761 675 525 ]
