n = 10 ; 
T = 96 ; 
Init = [ 0 0 0 1 1 0 0 0 0 1 ]
L = [ 7 15 13 12 17 18 4 17 8 20 ]
l = [ 7 15 13 12 17 18 4 17 8 20 ]
Pmin = [ 130 254 209 210 282 289 61 268 143 315 ]
Pmax = [ 135 331 273 266 365 381 65 352 152 420 ]
cf = [ 59.7769 61.8822 60.1445 56.1768 56.0688 21.9956 27.6842 47.0536 22.5275 23.0296 ]
c0 = [ 122 213 178 177 238 238 79 237 125 250 ]
cp = [ 35.6369 25.8013 25.5139 26.1948 15.6514 16.431 40.8528 9.24687 31.673 9.952 ]
D = [ 382 465 552 616 683 689 776 845 935 1015 1118 1187 1211 1337 1412 1437 1544 1622 1737 1745 1823 1887 1997 2104 2132 2067 1933 1846 1712 1601 1501 1380 1278 1191 1153 1252 1306 1396 1583 1652 1748 1617 1427 1312 1141 1044 879 742 582 645 680 763 794 936 987 1009 1059 1184 1206 1271 1366 1381 1486 1565 1569 1636 1705 1819 1845 1947 2038 2022 2107 2050 1929 1879 1767 1613 1578 1448 1385 1227 1209 1313 1434 1511 1572 1678 1815 1651 1483 1282 1162 941 847 666 ]
