n = 10 ; 
T = 96 ; 
Init = [ 0 0 0 1 1 0 0 1 0 0 ]
L = [ 8 6 18 17 10 6 18 15 8 7 ]
l = [ 8 6 18 17 10 6 18 15 8 7 ]
Pmin = [ 136 86 285 303 154 95 287 235 109 124 ]
Pmax = [ 149 86 362 374 183 96 377 298 112 127 ]
cf = [ 34.0495 63.4617 13.3038 39.5989 31.9394 41.8032 66.7811 50.9313 51.7422 67.2008 ]
c0 = [ 125 95 229 250 149 103 247 210 120 124 ]
cp = [ 32.8079 37.4313 11.025 16.7653 32.529 38.0882 14.703 23.064 33.0127 32.6278 ]
D = [ 253 331 372 457 498 545 586 646 726 760 880 881 995 1045 1055 1150 1182 1297 1334 1397 1431 1480 1571 1587 1709 1608 1521 1436 1359 1278 1219 1152 1018 940 899 965 1022 1109 1175 1253 1314 1203 1128 1006 886 832 674 599 519 523 609 617 685 693 775 840 868 890 972 1001 989 1069 1087 1167 1173 1273 1275 1341 1393 1443 1488 1514 1505 1468 1417 1366 1284 1238 1167 1073 1058 960 902 985 1067 1193 1226 1293 1398 1259 1173 1012 911 728 603 466 ]
