n = 10 ; 
T = 96 ; 
Init = [ 1 1 0 0 1 1 0 0 0 1 ]
L = [ 15 8 7 11 13 11 5 9 7 5 ]
l = [ 15 8 7 11 13 11 5 9 7 5 ]
Pmin = [ 248 105 104 203 188 173 47 133 112 64 ]
Pmax = [ 324 135 104 235 233 205 52 176 132 81 ]
cf = [ 51.1704 28.5714 64.8895 18.7669 18.221 65.3156 41.7874 43.3349 45.8116 31.6314 ]
c0 = [ 217 117 113 178 174 164 61 137 116 76 ]
cp = [ 24.7722 31.6801 33.4528 27.4804 22.752 25.0752 40.5509 37.5038 39.2534 38.8429 ]
D = [ 203 242 287 331 337 364 441 461 532 538 575 647 680 697 755 830 860 899 951 995 1033 1071 1096 1135 1176 1152 1099 1020 982 913 912 834 816 765 688 739 832 841 925 993 1020 956 856 786 697 614 523 422 359 390 427 460 485 492 534 592 646 658 693 743 781 810 844 888 890 936 1006 1030 1064 1097 1119 1157 1186 1163 1114 1063 975 924 876 815 759 713 703 740 769 815 875 922 999 920 845 733 648 571 468 402 ]
