n = 10 ; 
T = 96 ; 
Init = [ 0 0 1 0 1 0 0 1 0 0 ]
L = [ 18 13 13 13 7 10 11 13 15 16 ]
l = [ 18 13 13 13 7 10 11 13 15 16 ]
Pmin = [ 310 223 220 208 74 158 186 226 237 256 ]
Pmax = [ 384 270 284 260 96 200 217 275 305 337 ]
cf = [ 45.0223 46.0751 39.1065 42.5844 62.3578 49.5098 25.7859 29.1553 32.7376 60.1696 ]
c0 = [ 250 188 201 185 88 136 164 192 194 208 ]
cp = [ 22.9176 19.4935 15.1401 28.424 39.7312 29.5394 25.162 25.3209 25.0883 15.7602 ]
D = [ 366 391 487 553 632 712 829 871 924 1012 1059 1143 1264 1304 1367 1398 1486 1550 1660 1753 1845 1848 1907 2004 2101 2025 1925 1808 1679 1603 1463 1339 1306 1189 1058 1148 1246 1365 1514 1593 1727 1517 1452 1301 1148 984 881 744 588 662 664 760 836 912 892 994 1032 1079 1160 1273 1290 1357 1374 1496 1519 1599 1663 1705 1772 1826 1855 1989 1991 1961 1823 1748 1652 1592 1434 1349 1303 1176 1128 1198 1278 1430 1542 1599 1737 1542 1414 1272 1173 1000 831 694 ]
