n = 10 ; 
T = 96 ; 
Init = [ 0 1 0 1 1 1 1 1 0 1 ]
L = [ 6 10 16 13 18 16 7 14 14 18 ]
l = [ 6 10 16 13 18 16 7 14 14 18 ]
Pmin = [ 73 137 259 231 309 262 118 240 258 309 ]
Pmax = [ 73 163 326 272 393 340 144 298 315 389 ]
cf = [ 17.921 48.4453 19.0476 22.7322 34.7554 44.705 68.6245 32.9744 19.0162 65.239 ]
c0 = [ 84 135 212 208 250 219 120 201 218 249 ]
cp = [ 39.0077 36.9059 14.1724 13.2056 19.292 8.86437 37.1231 19.9409 24.499 16.1278 ]
D = [ 437 467 502 598 645 758 850 916 974 1044 1080 1115 1213 1307 1359 1431 1526 1530 1652 1660 1774 1818 1861 1922 2038 1908 1895 1782 1702 1580 1518 1446 1379 1284 1240 1334 1372 1533 1625 1746 1816 1622 1455 1301 1226 1043 894 754 539 646 703 742 825 851 984 1027 1072 1122 1179 1304 1298 1443 1507 1563 1607 1693 1720 1819 1894 1922 2010 2057 2092 2036 1926 1861 1762 1607 1579 1411 1390 1263 1161 1237 1334 1379 1432 1510 1632 1460 1379 1211 1026 945 768 656 ]
