n = 10 ; 
T = 96 ; 
Init = [ 0 1 1 1 1 0 1 0 1 1 ]
L = [ 18 9 6 12 12 13 17 13 19 16 ]
l = [ 18 9 6 12 12 13 17 13 19 16 ]
Pmin = [ 303 153 88 190 206 188 303 218 305 255 ]
Pmax = [ 370 172 97 251 248 247 372 268 406 333 ]
cf = [ 27.2206 22.1658 13.3976 65.5419 61.0581 50.1749 66.4316 21.9611 37.0448 68.881 ]
c0 = [ 242 147 86 168 170 172 243 200 245 215 ]
cp = [ 11.4401 35.3743 36.43 26.7194 17.5335 27.3561 13.271 19.4075 9.48868 12.5951 ]
D = [ 306 434 445 597 674 700 741 886 948 1020 1124 1158 1263 1356 1405 1539 1623 1664 1691 1853 1888 1993 2085 2147 2180 2136 1952 1897 1800 1718 1621 1430 1397 1232 1114 1284 1363 1411 1553 1615 1751 1588 1464 1296 1242 1088 975 832 676 718 829 854 912 978 1011 1093 1166 1208 1268 1376 1405 1441 1530 1602 1682 1734 1844 1898 1962 2040 2082 2130 2231 2095 2010 1911 1757 1667 1566 1407 1295 1240 1137 1246 1327 1515 1547 1731 1804 1661 1530 1398 1227 1121 997 842 ]
