n = 10 ; 
T = 96 ; 
Init = [ 1 1 1 1 0 1 1 1 1 1 ]
L = [ 17 15 5 19 18 6 5 10 4 18 ]
l = [ 17 15 5 19 18 6 5 10 4 18 ]
Pmin = [ 307 223 69 315 302 70 63 179 81 305 ]
Pmax = [ 378 291 69 417 382 88 63 202 81 397 ]
cf = [ 35.0524 47.4958 18.6334 61.0819 35.5031 54.4696 21.6784 56.6976 31.7409 19.8341 ]
c0 = [ 250 187 81 250 241 84 77 160 81 246 ]
cp = [ 14.2942 15.0497 38.2846 13.3468 11.3096 35.4116 39.8602 20.6583 37.9161 16.1371 ]
D = [ 281 283 407 451 454 524 582 646 742 753 824 890 974 1035 1076 1164 1168 1225 1277 1334 1437 1513 1528 1597 1642 1589 1533 1437 1398 1317 1253 1171 1110 1034 937 1057 1072 1211 1258 1388 1479 1328 1177 1085 934 844 703 576 475 536 570 594 671 760 740 808 906 956 957 1051 1078 1191 1214 1295 1290 1358 1445 1491 1532 1572 1670 1667 1769 1656 1555 1503 1462 1359 1301 1212 1115 1038 998 1076 1109 1226 1318 1395 1431 1276 1198 1090 994 808 727 574 ]
