n = 10 ; 
T = 96 ; 
Init = [ 1 1 1 1 1 0 1 1 0 0 ]
L = [ 5 18 8 7 12 10 18 10 13 15 ]
l = [ 5 18 8 7 12 10 18 10 13 15 ]
Pmin = [ 63 297 133 98 195 190 315 147 209 259 ]
Pmax = [ 71 396 141 106 247 217 411 188 252 319 ]
cf = [ 50.7872 57.0052 57.7218 19.9127 64.9879 24.708 19.198 54.6221 50.4874 29.8786 ]
c0 = [ 79 243 136 103 168 162 250 137 174 217 ]
cp = [ 39.5159 10.3683 33.4594 34.5395 22.3255 29.5176 13.554 34.3652 31.2085 20.7577 ]
D = [ 300 329 392 495 562 545 646 687 793 791 886 908 1022 1026 1096 1154 1260 1337 1396 1456 1511 1521 1574 1672 1754 1641 1528 1512 1426 1316 1240 1160 1097 1025 910 1029 1133 1156 1257 1406 1445 1359 1250 1121 979 880 749 575 451 508 608 656 682 769 812 887 902 946 1038 1062 1150 1190 1223 1318 1364 1375 1492 1502 1609 1647 1719 1776 1811 1702 1669 1565 1487 1417 1336 1282 1135 1098 1036 1076 1131 1194 1253 1345 1397 1238 1121 1029 932 792 662 554 ]
