n = 10 ; 
T = 96 ; 
Init = [ 1 0 0 1 1 1 1 0 0 1 ]
L = [ 10 13 13 7 17 14 12 19 19 8 ]
l = [ 10 13 13 7 17 14 12 19 19 8 ]
Pmin = [ 160 227 195 105 263 224 201 315 303 136 ]
Pmax = [ 180 286 254 115 345 291 234 416 400 146 ]
cf = [ 12.2474 12.6498 45.8928 17.2052 27.7698 48.2873 30.809 37.4396 69.1766 41.3536 ]
c0 = [ 151 205 180 102 220 195 184 250 250 136 ]
cp = [ 28.2198 21.7494 26.524 38.6904 17.0046 23.7801 18.9127 9.07299 10.1159 33.9949 ]
D = [ 278 407 436 533 633 639 719 838 927 958 994 1098 1158 1290 1298 1356 1423 1522 1627 1653 1767 1812 1903 1937 2026 1919 1869 1748 1655 1568 1526 1404 1374 1289 1192 1272 1293 1465 1502 1630 1672 1552 1413 1322 1173 1059 955 800 657 759 772 844 894 962 1029 1078 1102 1224 1241 1266 1379 1391 1442 1553 1607 1703 1681 1741 1822 1927 1963 1966 2091 1947 1839 1778 1739 1623 1498 1404 1331 1251 1172 1292 1334 1466 1577 1674 1780 1683 1491 1396 1253 1054 921 774 ]
