n = 10 ; 
T = 96 ; 
Init = [ 0 0 0 1 1 1 0 1 0 1 ]
L = [ 5 12 6 9 11 9 4 20 19 5 ]
l = [ 5 12 6 9 11 9 4 20 19 5 ]
Pmin = [ 62 196 95 148 172 145 72 315 315 70 ]
Pmax = [ 79 259 109 176 212 189 72 420 420 85 ]
cf = [ 9.65081 16.6276 27.7612 59.8307 58.4229 46.4447 49.312 44.1952 25.7391 38.5114 ]
c0 = [ 80 183 101 133 146 141 76 250 250 81 ]
cp = [ 31.7953 19.6868 33.1184 26.0044 30.8237 25.108 41.533 13.4223 14.0841 34.0927 ]
D = [ 221 276 367 395 442 455 515 575 630 669 716 750 820 827 927 927 968 1012 1087 1161 1203 1202 1279 1316 1360 1282 1220 1212 1146 1049 1033 974 886 849 771 885 952 1025 1089 1164 1294 1172 1049 952 855 722 642 540 403 466 512 533 592 623 636 719 728 803 856 886 877 965 982 1030 1103 1116 1151 1208 1206 1250 1316 1352 1423 1327 1294 1189 1125 1059 1026 962 917 825 805 843 935 951 1032 1091 1206 1074 1027 931 782 711 623 504 ]
