n = 10 ; 
T = 96 ; 
Init = [ 1 0 0 1 0 0 1 0 1 0 ]
L = [ 13 14 7 14 11 14 14 18 14 11 ]
l = [ 13 14 7 14 11 14 14 18 14 11 ]
Pmin = [ 192 235 93 241 174 244 249 301 241 178 ]
Pmax = [ 244 283 119 298 209 309 296 380 299 210 ]
cf = [ 64.2088 58.7209 24.5708 31.1596 37.1261 33.7916 18.16 21.4696 35.9772 59.9854 ]
c0 = [ 162 213 92 214 148 211 208 250 208 170 ]
cp = [ 32.6246 25.6455 32.6251 21.9241 22.6049 14.6741 24.7495 9.57582 27.1438 24.7261 ]
D = [ 302 358 450 567 625 727 791 838 873 994 1060 1144 1236 1240 1321 1444 1448 1520 1594 1698 1779 1848 1930 2016 2015 1971 1861 1818 1667 1647 1492 1416 1381 1245 1214 1246 1312 1445 1543 1572 1662 1537 1361 1253 1152 984 837 759 550 688 659 769 795 903 951 955 1087 1057 1115 1201 1319 1326 1395 1472 1496 1602 1595 1719 1693 1805 1872 1903 2002 1895 1751 1700 1590 1514 1449 1348 1261 1202 1153 1196 1257 1359 1441 1486 1591 1467 1333 1201 1027 904 792 674 ]
