n = 10 ; 
T = 96 ; 
Init = [ 0 1 1 0 0 0 0 0 0 0 ]
L = [ 20 11 18 6 14 15 8 7 16 8 ]
l = [ 20 11 18 6 14 15 8 7 16 8 ]
Pmin = [ 315 165 296 74 218 242 151 105 272 113 ]
Pmax = [ 420 217 386 91 274 289 165 122 362 123 ]
cf = [ 25.6971 9.71117 60.7348 59.8488 33.8849 22.0131 68.3156 32.9841 52.7355 64.4438 ]
c0 = [ 250 143 249 85 179 214 133 116 226 104 ]
cp = [ 13.259 22.5083 13.2667 39.2139 26.0437 29.8448 38.8712 26.5494 14.7825 32.4774 ]
D = [ 333 426 484 566 623 653 720 830 896 960 1026 1074 1085 1213 1214 1288 1351 1412 1552 1615 1642 1686 1808 1871 1940 1842 1734 1637 1574 1459 1349 1258 1171 1135 980 1147 1173 1281 1411 1439 1545 1464 1346 1185 1086 984 832 732 599 623 698 731 817 884 861 920 965 1022 1083 1180 1170 1225 1258 1345 1359 1410 1511 1564 1618 1598 1672 1745 1775 1661 1621 1566 1470 1407 1294 1190 1184 1096 977 1094 1192 1250 1378 1472 1536 1379 1305 1176 1026 936 762 658 ]
