n = 10 ; 
T = 96 ; 
Init = [ 1 1 1 1 1 1 1 0 1 1 ]
L = [ 5 15 17 6 5 7 16 11 13 17 ]
l = [ 5 15 17 6 5 7 16 11 13 17 ]
Pmin = [ 73 247 289 98 73 96 278 190 193 280 ]
Pmax = [ 73 300 373 99 74 110 335 239 242 363 ]
cf = [ 17.9281 48.0084 56.9639 47.0697 42.6063 56.1256 67.793 55.0478 51.0525 12.6948 ]
c0 = [ 91 206 233 108 89 104 243 166 169 240 ]
cp = [ 35.2726 19.1062 22.4163 39.3113 37.1502 35.2071 15.4949 29.9751 22.4558 17.2929 ]
D = [ 273 320 373 478 526 573 644 726 757 807 885 913 981 1018 1121 1138 1210 1275 1375 1436 1495 1538 1612 1657 1695 1659 1522 1494 1409 1344 1204 1130 1053 979 950 1011 1073 1132 1215 1248 1372 1228 1130 1016 923 795 712 630 500 582 574 624 722 765 809 848 904 954 995 982 1083 1115 1167 1184 1229 1244 1314 1390 1409 1468 1479 1546 1550 1540 1471 1346 1285 1195 1187 1087 1035 976 881 970 1070 1136 1220 1332 1404 1272 1189 1033 962 814 703 560 ]
