n = 10 ; 
T = 96 ; 
Init = [ 1 1 0 1 0 1 0 1 0 1 ]
L = [ 16 6 8 17 15 6 9 8 6 12 ]
l = [ 16 6 8 17 15 6 9 8 6 12 ]
Pmin = [ 282 67 123 294 240 68 139 146 73 204 ]
Pmax = [ 349 71 134 357 320 84 154 159 79 238 ]
cf = [ 37.2594 26.8261 28.4326 53.6587 62.8567 63.8695 16.215 16.7065 59.1845 17.6751 ]
c0 = [ 242 85 125 248 207 69 128 144 85 172 ]
cp = [ 21.0929 30.1464 37.4924 15.4732 27.7367 39.582 31.3332 29.8285 29.365 23.6252 ]
D = [ 287 337 352 423 445 551 551 638 677 735 753 823 836 886 940 992 1061 1104 1157 1188 1240 1295 1342 1394 1428 1385 1299 1269 1169 1141 1036 954 928 854 794 869 915 997 1046 1084 1176 1103 1005 907 772 680 586 536 446 428 468 556 580 653 641 701 733 766 800 886 923 969 975 1032 1065 1110 1133 1187 1228 1311 1324 1366 1386 1344 1284 1211 1196 1136 1075 1023 968 905 835 881 968 1027 1092 1169 1220 1113 1007 889 787 709 606 496 ]
