n = 10 ; 
T = 96 ; 
Init = [ 1 1 0 0 1 1 1 0 0 0 ]
L = [ 14 7 10 10 13 8 8 4 14 16 ]
l = [ 14 7 10 10 13 8 8 4 14 16 ]
Pmin = [ 223 81 147 157 229 126 119 47 203 287 ]
Pmax = [ 280 95 173 196 269 142 121 53 269 345 ]
cf = [ 52.0069 31.5455 66.6004 13.1456 15.8638 50.266 38.8347 24.1422 24.8365 53.4631 ]
c0 = [ 187 94 140 141 198 133 124 68 174 247 ]
cp = [ 31.9408 33.513 19.9448 22.8248 24.4126 30.6446 36.9817 38.1321 18.8252 29.8126 ]
D = [ 332 323 364 425 467 564 578 651 681 739 760 820 867 941 978 997 1064 1080 1135 1211 1230 1319 1321 1388 1415 1401 1306 1278 1158 1152 1035 973 912 853 804 849 953 985 1055 1078 1121 1014 898 855 711 648 513 454 355 398 437 489 498 571 627 628 708 764 763 846 850 908 979 1027 1039 1082 1122 1192 1218 1251 1340 1340 1401 1362 1263 1192 1159 1101 1046 973 913 852 786 882 911 984 1098 1163 1183 1088 1026 905 824 724 606 493 ]
