n = 10 ; 
T = 96 ; 
Init = [ 1 1 1 0 0 0 1 0 1 0 ]
L = [ 14 10 12 7 15 11 10 14 19 7 ]
l = [ 14 10 12 7 15 11 10 14 19 7 ]
Pmin = [ 230 172 183 126 274 161 143 236 315 118 ]
Pmax = [ 288 205 243 135 332 201 175 313 405 132 ]
cf = [ 21.9128 37.5509 28.3161 13.4807 31.2607 9.08802 32.4677 37.9268 68.1166 47.4408 ]
c0 = [ 201 158 163 120 224 158 137 194 250 114 ]
cp = [ 21.6551 30.518 18.0671 26.5739 12.3592 29.0569 26.068 21.8858 11.2148 36.3157 ]
D = [ 224 333 399 418 504 559 657 741 787 797 867 973 1035 1065 1173 1173 1275 1321 1390 1473 1543 1583 1615 1692 1771 1717 1623 1576 1505 1415 1286 1279 1154 1108 975 1109 1131 1268 1341 1427 1510 1385 1226 1103 944 830 724 604 449 520 596 591 646 752 754 877 932 922 997 1085 1100 1150 1262 1336 1382 1420 1500 1548 1554 1639 1656 1756 1781 1746 1621 1532 1443 1401 1315 1224 1115 1049 977 1044 1125 1256 1309 1388 1534 1385 1275 1160 1005 869 772 606 ]
