n = 10 ; 
T = 96 ; 
Init = [ 1 0 1 0 1 0 1 1 0 1 ]
L = [ 16 9 13 7 10 15 17 18 14 16 ]
l = [ 16 9 13 7 10 15 17 18 14 16 ]
Pmin = [ 274 145 217 93 165 235 284 311 224 264 ]
Pmax = [ 338 154 282 97 206 304 348 410 279 345 ]
cf = [ 14.0914 38.9937 66.838 10.7959 41.8637 61.362 30.9393 49.429 48.1239 61.7503 ]
c0 = [ 221 141 185 106 156 208 230 250 204 233 ]
cp = [ 16.0133 29.4692 33.6542 34.618 34.3848 25.8192 18.2984 11.587 27.0279 20.0678 ]
D = [ 339 487 545 578 665 787 808 865 947 1019 1160 1153 1257 1382 1468 1475 1618 1648 1696 1756 1832 1910 2017 2121 2197 2054 1951 1829 1733 1621 1525 1447 1312 1293 1173 1235 1353 1363 1501 1532 1633 1536 1375 1298 1157 1007 956 788 711 730 841 833 945 942 1035 1136 1139 1256 1325 1317 1415 1463 1585 1610 1713 1689 1826 1861 1893 1982 2092 2096 2163 2061 1919 1865 1795 1674 1574 1476 1311 1258 1090 1270 1352 1414 1539 1561 1678 1573 1383 1300 1180 1050 836 756 ]
