n = 10 ; 
T = 96 ; 
Init = [ 1 0 0 0 0 0 1 1 1 1 ]
L = [ 9 8 13 7 5 18 10 7 8 19 ]
l = [ 9 8 13 7 5 18 10 7 8 19 ]
Pmin = [ 160 108 202 118 70 315 166 115 110 315 ]
Pmax = [ 185 125 249 123 92 412 192 126 128 420 ]
cf = [ 13.5644 56.1678 24.5117 25.207 50.9122 17.184 18.2867 13.6972 57.6689 43.5479 ]
c0 = [ 149 101 183 111 74 250 159 104 117 250 ]
cp = [ 38.5516 23.994 28.7307 31.6867 39.2131 15.3455 32.9486 31.4898 32.2058 15.2374 ]
D = [ 250 295 346 435 469 530 552 619 655 710 774 828 842 921 959 984 1005 1088 1145 1167 1211 1299 1321 1361 1429 1329 1267 1216 1153 1099 1060 980 924 888 784 904 941 1002 1076 1166 1234 1086 1011 872 755 670 574 430 307 399 398 450 540 548 597 694 723 751 788 840 891 917 1007 1054 1090 1140 1190 1187 1270 1290 1343 1385 1482 1389 1314 1258 1170 1149 1090 981 941 900 796 863 975 1001 1053 1148 1222 1102 977 892 818 736 587 502 ]
