n = 10 ; 
T = 96 ; 
Init = [ 0 1 1 0 1 1 1 0 0 1 ]
L = [ 10 8 17 13 7 4 20 12 18 9 ]
l = [ 10 8 17 13 7 4 20 12 18 9 ]
Pmin = [ 151 136 301 212 132 26 315 184 307 131 ]
Pmax = [ 186 150 367 264 138 34 420 220 382 173 ]
cf = [ 46.0474 33.6839 27.3792 64.1091 9.5275 20.0417 13.7625 31.9888 26.4336 35.0797 ]
c0 = [ 133 137 244 181 133 57 250 172 250 126 ]
cp = [ 30.5939 37.3577 12.5483 20.7853 25.9442 41.7366 12.1236 20.3903 24.1092 31.1943 ]
D = [ 173 298 364 422 474 566 633 661 704 778 845 969 961 1033 1160 1200 1280 1316 1425 1473 1519 1564 1682 1749 1788 1691 1655 1520 1462 1402 1287 1229 1151 1035 968 1022 1078 1159 1252 1283 1372 1280 1110 1017 931 744 624 552 456 467 515 556 614 684 750 829 866 956 962 1042 1070 1142 1212 1256 1280 1392 1383 1434 1495 1587 1670 1662 1754 1676 1591 1518 1467 1337 1285 1236 1138 1078 1016 1081 1197 1228 1318 1416 1482 1379 1203 1096 934 850 732 539 ]
