n = 10 ; 
T = 96 ; 
Init = [ 1 1 1 0 1 0 1 1 1 1 ]
L = [ 5 18 13 12 10 15 9 20 15 8 ]
l = [ 5 18 13 12 10 15 9 20 15 8 ]
Pmin = [ 71 315 210 195 175 262 154 315 258 119 ]
Pmax = [ 77 400 250 242 216 319 173 420 324 128 ]
cf = [ 16.3521 12.2296 39.5298 33.5397 39.2041 33.4417 58.8774 65.9582 31.6655 34.7081 ]
c0 = [ 79 250 174 169 163 218 138 250 220 107 ]
cp = [ 30.2797 11.9579 13.0155 24.0034 26.8581 18.8592 30.4279 12.0056 17.9549 29.8248 ]
D = [ 255 334 359 455 511 645 703 723 866 866 1006 1025 1109 1205 1291 1331 1437 1518 1594 1608 1696 1765 1898 1911 2018 1907 1818 1737 1654 1542 1494 1352 1246 1235 1115 1157 1284 1313 1386 1497 1538 1383 1315 1156 1023 883 776 591 465 486 611 689 710 758 842 927 931 1048 1116 1113 1199 1321 1370 1412 1447 1534 1628 1644 1714 1786 1805 1871 1971 1878 1798 1696 1664 1518 1443 1363 1260 1161 1096 1191 1232 1343 1374 1441 1520 1369 1267 1181 1003 888 781 661 ]
