n = 10 ; 
T = 96 ; 
Init = [ 1 0 1 1 0 1 0 0 1 1 ]
L = [ 16 12 6 18 9 12 5 14 13 14 ]
l = [ 16 12 6 18 9 12 5 14 13 14 ]
Pmin = [ 250 190 69 300 129 193 44 208 198 233 ]
Pmax = [ 330 246 91 372 152 254 55 273 262 282 ]
cf = [ 17.3823 19.7787 40.2802 39.268 34.8395 68.4149 35.4281 62.4049 9.00286 44.9955 ]
c0 = [ 213 163 90 239 131 170 68 173 166 205 ]
cp = [ 10.5324 23.5751 27.8106 17.8513 27.6343 27.7031 37.973 21.333 18.2376 23.5557 ]
D = [ 231 299 400 420 485 561 641 684 739 825 853 953 990 1042 1065 1147 1237 1263 1371 1382 1480 1552 1600 1654 1737 1613 1579 1510 1361 1289 1259 1148 1084 1015 942 1058 1103 1225 1324 1441 1510 1357 1293 1117 1032 931 777 643 511 579 679 688 723 832 848 890 970 1030 1086 1098 1164 1237 1274 1363 1359 1415 1475 1517 1553 1637 1716 1772 1823 1675 1656 1508 1453 1379 1256 1204 1146 993 976 980 1119 1145 1216 1305 1340 1230 1173 1037 949 799 699 555 ]
