n = 10 ; 
T = 96 ; 
Init = [ 1 1 1 0 0 0 0 0 1 0 ]
L = [ 14 19 6 4 9 9 14 12 15 9 ]
l = [ 14 19 6 4 9 9 14 12 15 9 ]
Pmin = [ 245 315 75 33 122 157 237 197 266 127 ]
Pmax = [ 305 420 75 39 157 173 302 234 319 154 ]
cf = [ 7.95278 22.9578 13.3283 29.9152 48.6326 25.7983 61.8571 26.6806 30.1251 33.8932 ]
c0 = [ 212 250 74 51 126 148 204 172 221 115 ]
cp = [ 23.7937 11.6779 37.9169 41.8627 39.476 27.7707 24.9502 27.7179 16.6066 28.5876 ]
D = [ 321 361 413 460 511 598 663 650 756 775 864 888 967 977 1067 1133 1136 1242 1297 1319 1376 1406 1468 1556 1590 1537 1463 1383 1300 1228 1186 1142 1057 1014 894 997 1034 1045 1153 1173 1220 1142 1052 904 853 730 595 495 462 508 548 585 623 650 669 772 822 863 877 950 937 1002 1060 1076 1127 1224 1235 1309 1346 1379 1431 1446 1514 1464 1408 1342 1260 1240 1189 1086 1067 1011 900 989 1031 1079 1156 1204 1248 1203 1047 942 846 774 640 550 ]
