n = 10 ; 
T = 96 ; 
Init = [ 1 0 0 0 1 0 1 0 1 1 ]
L = [ 13 14 16 7 14 15 11 16 13 7 ]
l = [ 13 14 16 7 14 15 11 16 13 7 ]
Pmin = [ 227 221 243 108 214 257 193 255 229 109 ]
Pmax = [ 274 269 324 131 276 339 229 335 274 141 ]
cf = [ 53.0248 34.7263 20.9819 59.108 10.8859 48.2992 51.9667 52.3656 9.66419 34.4041 ]
c0 = [ 199 189 208 103 197 228 161 220 205 103 ]
cp = [ 24.741 17.3417 11.6572 33.3188 15.4808 15.2053 20.7771 19.7082 25.8064 39.3426 ]
D = [ 357 465 538 582 657 758 760 904 922 992 1108 1130 1207 1288 1324 1437 1475 1576 1669 1671 1793 1849 1947 1979 2065 1947 1928 1772 1683 1627 1509 1442 1333 1216 1123 1272 1348 1350 1481 1505 1596 1470 1321 1206 1000 907 744 596 436 504 572 657 706 799 885 969 1033 1052 1118 1246 1263 1314 1447 1483 1593 1587 1731 1767 1844 1923 1984 2019 2076 1961 1904 1792 1693 1585 1457 1402 1294 1167 1128 1209 1315 1411 1508 1609 1747 1587 1404 1325 1148 940 829 695 ]
