n = 10 ; 
T = 96 ; 
Init = [ 0 1 0 1 0 1 1 1 1 0 ]
L = [ 19 18 13 10 19 7 20 9 14 9 ]
l = [ 19 18 13 10 19 7 20 9 14 9 ]
Pmin = [ 315 300 200 153 315 104 315 126 238 162 ]
Pmax = [ 416 398 236 193 420 111 420 154 279 179 ]
cf = [ 12.88 69.2407 35.57 14.6613 22.5792 59.0236 29.9533 19.9848 23.2641 59.9299 ]
c0 = [ 250 250 183 138 250 107 250 122 210 139 ]
cp = [ 11.7609 16.2188 26.3435 25.2704 11.3363 35.1945 8.11944 35.0016 24.0559 26.8323 ]
D = [ 421 532 622 671 746 834 922 954 1031 1074 1180 1299 1322 1445 1491 1544 1671 1707 1804 1804 1947 2005 2056 2088 2246 2078 1942 1835 1746 1691 1546 1424 1313 1281 1135 1238 1338 1419 1578 1682 1733 1594 1508 1369 1184 1072 914 784 704 783 822 922 973 1012 1035 1138 1235 1244 1343 1420 1485 1488 1562 1604 1661 1735 1820 1870 1991 1974 2068 2114 2168 2104 1977 1872 1833 1762 1643 1511 1455 1312 1217 1339 1455 1509 1671 1726 1820 1668 1482 1323 1206 1031 850 632 ]
