n = 10 ; 
T = 96 ; 
Init = [ 1 0 1 1 1 1 1 0 0 0 ]
L = [ 6 6 5 8 6 13 7 10 15 7 ]
l = [ 6 6 5 8 6 13 7 10 15 7 ]
Pmin = [ 99 108 44 96 98 213 81 148 247 78 ]
Pmax = [ 108 108 47 127 98 260 104 179 321 98 ]
cf = [ 42.5298 36.6778 11.3093 43.1305 47.2384 32.847 15.2706 13.2715 41.6716 44.1777 ]
c0 = [ 98 112 65 101 101 186 81 145 217 84 ]
cp = [ 37.7938 39.7169 41.0872 27.5881 40.0022 16.6262 38.41 25.9462 16.9693 35.9775 ]
D = [ 135 154 199 264 273 315 342 409 408 476 494 541 590 594 641 669 729 772 782 820 865 911 936 980 1000 988 931 864 824 765 730 703 627 599 557 590 615 655 719 751 822 757 689 618 565 463 428 354 271 331 359 359 409 418 470 509 529 557 568 608 641 685 705 733 751 804 813 832 882 931 917 976 1011 957 908 872 809 783 716 678 638 568 546 584 640 697 744 790 845 795 728 663 582 506 439 392 ]
