n = 10 ; 
T = 96 ; 
Init = [ 1 0 1 1 0 1 0 1 0 0 ]
L = [ 8 8 6 12 5 11 11 6 18 9 ]
l = [ 8 8 6 12 5 11 11 6 18 9 ]
Pmin = [ 145 113 86 196 72 184 172 71 293 141 ]
Pmax = [ 159 134 89 251 72 211 225 77 371 181 ]
cf = [ 55.6495 15.4498 29.5061 40.2926 45.8055 67.0381 57.3173 43.6039 15.3419 10.929 ]
c0 = [ 127 110 102 171 72 156 163 77 242 123 ]
cp = [ 38.8999 26.1088 39.7381 20.141 36.9576 26.357 22.0459 29.0888 12.6104 20.1144 ]
D = [ 157 225 253 323 340 404 470 502 541 578 645 688 711 803 852 857 932 946 1019 1048 1123 1159 1236 1242 1309 1222 1187 1139 1079 1008 984 929 878 779 746 767 843 875 936 947 1025 921 854 778 662 597 535 446 368 375 410 477 505 549 556 626 646 655 730 764 795 789 853 872 937 966 1017 1005 1052 1109 1121 1186 1209 1184 1090 1071 1023 941 902 859 804 764 695 752 839 861 952 1024 1074 996 914 809 745 691 568 478 ]
