n = 10 ; 
T = 96 ; 
Init = [ 1 0 0 0 0 1 1 1 0 0 ]
L = [ 11 17 15 15 9 11 19 12 5 19 ]
l = [ 11 17 15 15 9 11 19 12 5 19 ]
Pmin = [ 196 306 256 263 156 173 307 209 89 315 ]
Pmax = [ 223 390 321 326 185 209 409 269 89 420 ]
cf = [ 55.1761 14.0982 28.2759 16.9076 61.4119 11.5167 28.5818 30.83 10.7856 65.5261 ]
c0 = [ 182 246 221 214 152 155 249 187 97 250 ]
cp = [ 24.1268 17.2063 10.9994 15.5044 27.5794 30.4859 10.9589 27.6668 38.7437 15.7462 ]
D = [ 352 373 482 523 613 708 754 868 915 1009 1097 1197 1274 1402 1402 1566 1621 1656 1745 1879 1885 1994 2058 2164 2242 2102 2049 1910 1807 1696 1540 1469 1395 1267 1157 1224 1338 1518 1619 1699 1796 1725 1549 1366 1245 1085 888 742 590 652 711 792 816 846 935 1056 1041 1171 1231 1296 1330 1436 1497 1498 1587 1611 1687 1767 1869 1921 1941 2042 2055 2036 1941 1872 1725 1700 1630 1530 1408 1333 1252 1352 1408 1518 1578 1653 1733 1569 1423 1251 1131 983 845 751 ]
