n = 10 ; 
T = 96 ; 
Init = [ 1 0 0 0 0 1 1 0 0 0 ]
L = [ 9 14 7 15 6 18 16 11 14 9 ]
l = [ 9 14 7 15 6 18 16 11 14 9 ]
Pmin = [ 118 220 89 245 86 283 261 165 229 165 ]
Pmax = [ 149 264 115 307 94 366 348 218 279 185 ]
cf = [ 13.0381 69.1305 7.33616 62.6849 41.5362 60.8067 69.0285 31.0706 46.6142 18.2878 ]
c0 = [ 115 196 98 203 98 234 223 146 209 140 ]
cp = [ 27.1968 23.7176 27.365 16 36.6762 13.4242 21.1342 24.5805 17.1549 32.5071 ]
D = [ 213 283 332 402 443 509 620 685 743 743 849 877 974 1057 1061 1160 1172 1246 1346 1427 1474 1520 1612 1612 1677 1603 1546 1539 1468 1357 1282 1217 1191 1104 1046 1060 1192 1244 1261 1389 1458 1340 1256 1103 1007 865 748 681 553 586 658 718 763 817 875 956 1003 1065 1111 1139 1211 1279 1292 1346 1440 1511 1565 1571 1668 1676 1774 1837 1837 1759 1662 1632 1536 1402 1308 1225 1148 1072 996 1063 1141 1222 1239 1310 1398 1303 1166 1091 932 832 679 560 ]
