n = 10 ; 
T = 96 ; 
Init = [ 0 0 1 1 1 0 1 0 0 1 ]
L = [ 12 9 10 5 14 16 19 11 12 7 ]
l = [ 12 9 10 5 14 16 19 11 12 7 ]
Pmin = [ 174 139 182 82 239 284 315 175 190 99 ]
Pmax = [ 224 176 204 82 297 353 420 231 228 116 ]
cf = [ 13.3898 39.2018 54.7064 69.9913 16.145 51.8463 61.292 12.262 28.9866 68.0463 ]
c0 = [ 164 128 171 97 195 249 250 149 164 109 ]
cp = [ 16.6326 30.3027 31.162 40.9389 22.2143 14.0559 11.2826 22.1075 20.0689 39.5947 ]
D = [ 331 350 413 513 575 624 676 699 790 840 879 965 1056 1064 1164 1219 1250 1305 1378 1428 1494 1534 1595 1678 1739 1634 1554 1474 1420 1367 1281 1171 1153 1072 926 1067 1131 1209 1315 1334 1403 1284 1200 1020 925 807 698 575 417 504 495 590 598 661 703 812 867 875 968 1019 1034 1113 1149 1240 1269 1322 1403 1439 1458 1562 1554 1657 1701 1644 1547 1495 1355 1344 1229 1159 1106 1005 902 1040 1109 1154 1272 1344 1420 1292 1152 1058 956 800 668 542 ]
