n = 10 ; 
T = 96 ; 
Init = [ 1 1 1 0 1 0 0 0 1 0 ]
L = [ 20 5 15 16 12 5 8 14 13 16 ]
l = [ 20 5 15 16 12 5 8 14 13 16 ]
Pmin = [ 315 67 251 264 201 78 106 234 201 293 ]
Pmax = [ 420 74 321 327 245 78 115 306 261 360 ]
cf = [ 21.44 60.6672 23.6734 61.1699 65.563 64.3829 33.5801 67.044 50.1455 54.1155 ]
c0 = [ 250 84 223 222 175 91 104 211 170 240 ]
cp = [ 8.11093 40.5513 25.6519 13.389 33.8531 39.8201 29.844 24.2997 17.1153 16.1157 ]
D = [ 379 451 503 568 562 661 683 799 834 897 927 983 1103 1100 1172 1221 1297 1338 1422 1464 1511 1592 1677 1768 1828 1700 1656 1559 1487 1437 1342 1238 1201 1099 999 1129 1215 1227 1329 1391 1489 1359 1215 1087 977 847 708 615 466 528 544 597 690 767 823 857 915 1025 1096 1127 1212 1257 1301 1407 1480 1512 1560 1631 1650 1782 1790 1891 1931 1829 1764 1673 1591 1494 1440 1319 1305 1205 1075 1160 1228 1327 1384 1448 1511 1377 1209 1095 943 841 687 546 ]
