n = 10 ; 
T = 96 ; 
Init = [ 0 0 1 0 0 1 0 1 1 1 ]
L = [ 13 17 14 9 18 10 8 14 5 6 ]
l = [ 13 17 14 9 18 10 8 14 5 6 ]
Pmin = [ 211 300 217 150 309 164 126 240 59 62 ]
Pmax = [ 258 375 285 160 400 210 142 281 68 77 ]
cf = [ 20.8111 51.9799 52.8907 35.795 18.0721 46.0418 20.5732 59.7831 56.1801 42.4659 ]
c0 = [ 177 239 191 140 250 141 123 207 72 68 ]
cp = [ 31.7287 12.1872 14.4692 34.7989 15.6445 23.9506 28.6689 27.1425 34.7894 35.3068 ]
D = [ 358 396 499 510 569 588 674 723 785 790 904 944 983 1023 1055 1148 1193 1262 1282 1306 1354 1407 1476 1570 1619 1553 1482 1368 1288 1283 1190 1120 1027 985 949 1007 1076 1144 1199 1279 1374 1224 1098 986 898 753 609 514 429 438 507 576 582 679 736 731 803 857 901 999 1011 1037 1130 1208 1215 1312 1336 1387 1403 1510 1518 1583 1665 1576 1510 1415 1324 1247 1246 1172 1053 995 938 999 1065 1165 1244 1330 1434 1305 1165 1029 950 851 667 544 ]
