n = 10 ; 
T = 96 ; 
Init = [ 1 1 1 0 0 0 0 1 0 0 ]
L = [ 5 13 6 8 12 20 17 12 10 13 ]
l = [ 5 13 6 8 12 20 17 12 10 13 ]
Pmin = [ 73 215 51 126 193 315 286 206 138 214 ]
Pmax = [ 90 272 66 154 239 420 352 264 175 269 ]
cf = [ 26.1598 49.792 53.0808 29.6432 30.8982 13.0738 26.5506 59.8254 13.0296 43.0205 ]
c0 = [ 81 187 64 133 173 250 250 175 135 183 ]
cp = [ 39.1541 31.6929 35.983 29.3272 27.5891 11.2106 19.0558 35.3918 29.7974 29.3979 ]
D = [ 206 308 323 403 427 532 536 638 661 711 785 873 888 979 1028 1090 1180 1257 1247 1309 1388 1432 1511 1554 1617 1600 1479 1422 1381 1278 1181 1120 1060 993 953 1017 1080 1144 1251 1354 1408 1332 1190 1078 1033 881 771 682 535 638 684 681 735 797 824 923 959 998 1033 1074 1145 1232 1249 1297 1328 1360 1450 1515 1516 1604 1659 1694 1707 1655 1613 1503 1400 1353 1236 1176 1108 987 950 1050 1105 1209 1283 1325 1419 1357 1195 1113 1014 895 737 618 ]
