n = 10 ; 
T = 96 ; 
Init = [ 1 1 1 0 0 0 1 1 0 1 ]
L = [ 4 17 7 18 8 13 12 8 10 10 ]
l = [ 4 17 7 18 8 13 12 8 10 10 ]
Pmin = [ 32 278 89 299 140 225 211 110 170 160 ]
Pmax = [ 42 345 106 390 150 273 243 123 197 180 ]
cf = [ 16.4179 62.7548 30.7113 29.9257 45.8005 61.0942 25.9591 63.1275 21.9024 62.482 ]
c0 = [ 59 226 102 250 140 205 191 103 157 140 ]
cp = [ 41.8253 13.6336 33.8642 17.028 33.0187 30.9955 22.3967 32.7255 23.5587 35.6103 ]
D = [ 175 203 281 309 414 432 522 587 581 652 738 740 800 910 942 971 1016 1096 1157 1202 1232 1310 1383 1453 1487 1416 1312 1302 1182 1136 1065 1009 938 891 809 861 918 1012 1075 1138 1249 1103 1005 947 857 737 653 489 401 445 520 574 582 646 647 743 737 816 841 921 919 990 1054 1074 1136 1125 1182 1268 1261 1297 1397 1439 1428 1426 1304 1281 1208 1138 1099 1040 972 897 849 862 927 1019 1085 1099 1161 1058 960 892 817 673 582 525 ]
