n = 10 ; 
T = 96 ; 
Init = [ 0 0 0 1 1 0 1 1 0 1 ]
L = [ 9 4 15 14 9 9 12 7 9 17 ]
l = [ 9 4 15 14 9 9 12 7 9 17 ]
Pmin = [ 146 31 242 244 153 156 187 129 124 285 ]
Pmax = [ 155 37 304 312 170 180 229 143 159 343 ]
cf = [ 45.0802 59.9988 67.4581 56.1678 57.7247 35.9837 48.4227 20.4348 31.3405 20.5703 ]
c0 = [ 132 45 217 209 136 142 159 115 127 244 ]
cp = [ 26.3204 40.989 23.1481 18.182 23.615 40.3848 33.7789 29.378 29.4291 11.9541 ]
D = [ 198 271 312 415 449 474 535 627 639 738 810 834 916 916 988 1065 1125 1145 1230 1278 1367 1362 1423 1482 1555 1476 1412 1361 1279 1175 1121 1072 985 916 847 889 1009 1095 1174 1250 1312 1215 1067 962 878 745 595 514 369 466 463 535 573 661 657 731 770 858 851 894 985 1009 1095 1126 1151 1234 1249 1290 1338 1430 1432 1529 1584 1501 1425 1354 1296 1198 1126 1097 980 924 852 934 992 1076 1184 1234 1289 1149 1069 975 811 700 589 468 ]
