n = 10 ; 
T = 96 ; 
Init = [ 0 1 1 0 1 1 0 1 1 0 ]
L = [ 15 15 14 18 14 18 17 10 13 4 ]
l = [ 15 15 14 18 14 18 17 10 13 4 ]
Pmin = [ 250 230 220 306 265 307 275 148 235 28 ]
Pmax = [ 305 303 272 400 314 379 359 188 287 37 ]
cf = [ 22.9481 13.0936 9.00063 26.0446 66.4232 68.1807 26.7888 28.6083 19.7559 13.2254 ]
c0 = [ 203 196 197 250 229 250 229 133 208 61 ]
cp = [ 25.5271 23.5799 30.0434 18.311 22.0828 12.1291 14.3956 25.7 26.9409 41.9763 ]
D = [ 393 457 551 631 735 768 852 890 958 1060 1174 1237 1312 1313 1430 1525 1553 1654 1743 1797 1864 1955 2043 2112 2190 2109 1986 1920 1769 1754 1673 1523 1500 1344 1301 1376 1441 1477 1616 1677 1743 1599 1424 1264 1148 1019 882 722 521 640 673 744 826 880 983 1040 1099 1237 1260 1347 1431 1452 1528 1668 1752 1812 1844 1935 1971 2092 2121 2277 2315 2253 2085 1975 1887 1765 1707 1608 1434 1335 1232 1364 1446 1573 1688 1754 1847 1662 1493 1348 1207 1039 961 732 ]
