n = 10 ; 
T = 96 ; 
Init = [ 1 0 1 1 0 0 1 0 1 1 ]
L = [ 13 4 10 6 9 14 16 9 17 17 ]
l = [ 13 4 10 6 9 14 16 9 17 17 ]
Pmin = [ 206 43 143 92 134 249 261 135 292 293 ]
Pmax = [ 246 55 183 97 159 306 338 176 376 379 ]
cf = [ 7.19077 47.1658 66.5316 15.2478 17.8453 34.7327 63.4171 30.3749 19.845 58.9558 ]
c0 = [ 177 66 140 94 120 218 222 136 241 240 ]
cp = [ 16.1673 40.6497 21.9729 35.1175 32.6552 15.0111 15.8728 32.5564 12.9901 16.5904 ]
D = [ 218 255 377 411 467 509 622 633 750 755 830 918 983 1003 1132 1190 1189 1290 1372 1386 1490 1515 1564 1627 1717 1681 1563 1498 1460 1381 1331 1198 1172 1104 1021 1057 1191 1228 1290 1402 1458 1345 1217 1088 1010 872 817 676 587 617 658 730 790 836 864 914 981 1024 1041 1110 1141 1196 1247 1317 1359 1369 1421 1463 1537 1574 1652 1700 1717 1644 1583 1553 1482 1399 1333 1250 1148 1073 1014 1056 1114 1168 1211 1286 1334 1257 1189 1054 982 838 724 644 ]
