n = 10 ; 
T = 96 ; 
Init = [ 0 1 1 0 0 0 0 1 1 0 ]
L = [ 16 17 6 17 18 5 14 9 6 18 ]
l = [ 16 17 6 17 18 5 14 9 6 18 ]
Pmin = [ 277 273 66 296 309 58 224 138 96 315 ]
Pmax = [ 341 349 86 383 388 58 296 160 96 397 ]
cf = [ 7.15181 31.4408 42.1512 38.0711 29.6187 69.8659 47.8539 68.6545 41.8988 16.1736 ]
c0 = [ 228 234 76 239 250 75 190 122 90 250 ]
cp = [ 18.1966 15.7256 37.4541 15.2991 12.6077 37.8755 23.7769 35.0137 32.3422 26.6305 ]
D = [ 368 475 546 622 670 749 850 845 985 977 1097 1152 1206 1307 1357 1437 1510 1594 1601 1670 1741 1804 1929 1943 2055 1892 1802 1696 1642 1499 1449 1358 1254 1121 1039 1110 1269 1328 1413 1559 1629 1533 1347 1258 1108 991 827 683 568 610 618 746 796 796 882 973 1021 1027 1113 1126 1233 1293 1369 1352 1485 1525 1568 1654 1643 1732 1805 1813 1874 1805 1715 1640 1565 1513 1431 1406 1253 1209 1168 1243 1288 1338 1447 1484 1570 1432 1324 1185 1050 961 835 776 ]
