n = 10 ; 
T = 96 ; 
Init = [ 0 1 0 1 0 1 0 0 1 1 ]
L = [ 12 18 14 6 15 11 8 5 16 6 ]
l = [ 12 18 14 6 15 11 8 5 16 6 ]
Pmin = [ 186 297 212 86 226 172 129 60 274 52 ]
Pmax = [ 248 386 267 92 291 218 167 60 339 65 ]
cf = [ 12.4784 62.1267 63.4121 24.3421 18.7627 65.9557 42.2209 14.4383 27.3678 7.94408 ]
c0 = [ 159 244 175 93 197 167 127 76 228 63 ]
cp = [ 24.2783 18.7483 19.7424 31.5815 19.3995 30.4761 32.4462 40.0367 11.554 34.7095 ]
D = [ 220 307 299 361 455 480 544 650 655 753 792 826 897 936 1022 1088 1115 1186 1253 1306 1371 1421 1518 1552 1616 1490 1478 1347 1286 1231 1186 1100 1004 964 883 915 1002 1089 1170 1275 1403 1255 1127 989 893 793 664 536 375 446 500 529 594 660 703 787 812 844 905 965 989 1066 1126 1150 1220 1298 1294 1339 1412 1463 1533 1559 1603 1540 1474 1393 1321 1229 1144 1102 1030 948 884 916 1009 1098 1162 1300 1368 1238 1109 1016 841 721 601 515 ]
