n = 10 ; 
T = 96 ; 
Init = [ 0 1 0 1 1 0 1 0 0 0 ]
L = [ 19 9 6 10 5 19 6 10 11 17 ]
l = [ 19 9 6 10 5 19 6 10 11 17 ]
Pmin = [ 308 156 63 158 51 315 95 152 172 298 ]
Pmax = [ 405 169 80 172 51 409 95 176 224 363 ]
cf = [ 18.4612 41.9458 29.8431 39.3305 53.3442 53.9175 56.62 28.9089 62.1715 55.1929 ]
c0 = [ 250 137 86 137 75 250 91 151 154 250 ]
cp = [ 10.5374 28.1111 38.5635 34.3421 39.898 17.2535 36.4591 32.2684 23.3447 14.3551 ]
D = [ 252 340 416 462 514 570 581 691 731 750 846 875 924 1005 1068 1065 1183 1201 1255 1314 1348 1401 1463 1536 1557 1549 1407 1326 1298 1221 1092 1077 965 926 832 890 1024 1128 1173 1291 1360 1306 1190 1044 946 838 704 600 464 544 532 597 683 666 711 798 800 907 890 930 1021 1037 1116 1147 1182 1214 1289 1314 1345 1387 1429 1465 1557 1501 1399 1362 1321 1236 1176 1087 1038 991 922 961 1037 1084 1095 1198 1238 1100 1038 897 800 703 548 442 ]
