n = 10 ; 
T = 96 ; 
Init = [ 0 1 0 1 1 1 1 1 0 1 ]
L = [ 6 6 7 12 17 9 10 11 12 13 ]
l = [ 6 6 7 12 17 9 10 11 12 13 ]
Pmin = [ 82 69 103 195 294 151 179 172 192 205 ]
Pmax = [ 104 76 108 231 371 177 207 218 234 268 ]
cf = [ 41.1716 49.8336 50.4878 11.236 55.6779 42.9205 43.9421 37.1833 60.2347 61.0323 ]
c0 = [ 91 88 108 166 247 144 159 162 176 181 ]
cp = [ 41.0072 38.9546 37.248 28.471 14.8668 21.4363 25.9627 26.9501 33.5684 27.0199 ]
D = [ 207 243 296 327 381 473 530 604 615 709 740 826 839 891 975 1041 1093 1122 1188 1264 1274 1327 1404 1472 1549 1440 1404 1346 1256 1197 1124 1042 964 953 846 898 989 1081 1086 1197 1262 1133 1035 883 815 681 603 467 367 394 436 522 580 630 629 695 738 786 841 875 948 991 1051 1086 1134 1176 1211 1240 1294 1351 1422 1453 1477 1404 1332 1281 1204 1165 1088 1027 903 887 801 824 946 1013 1055 1109 1177 1058 996 855 732 684 532 475 ]
