n = 10 ; 
T = 96 ; 
Init = [ 0 1 0 0 0 0 1 1 1 1 ]
L = [ 9 15 18 6 16 9 5 14 5 8 ]
l = [ 9 15 18 6 16 9 5 14 5 8 ]
Pmin = [ 141 270 312 78 246 152 64 215 68 127 ]
Pmax = [ 161 325 389 89 321 170 64 272 68 136 ]
cf = [ 48.2584 61.0899 28.0454 30.8708 45.6978 29.914 26.5723 16.3744 32.1547 64.4497 ]
c0 = [ 142 232 250 92 214 142 88 187 75 128 ]
cp = [ 23.7847 16.7424 11.6405 38.1805 10.5171 22.429 40.8024 20.0296 39.294 33.6955 ]
D = [ 230 271 287 353 407 503 510 616 618 721 758 817 884 890 1000 1032 1096 1155 1218 1221 1295 1342 1405 1469 1532 1434 1389 1312 1193 1160 1052 964 917 834 758 857 900 988 1074 1127 1199 1101 992 910 827 708 604 530 413 462 502 563 642 681 698 754 760 830 850 913 917 964 1061 1081 1142 1156 1176 1232 1295 1327 1394 1433 1455 1368 1340 1250 1195 1102 1002 988 902 801 742 833 869 989 1031 1095 1179 1096 1013 892 814 722 579 520 ]
