n = 10 ; 
T = 96 ; 
Init = [ 0 0 1 0 1 1 1 1 1 1 ]
L = [ 7 8 16 17 5 15 7 11 9 8 ]
l = [ 7 8 16 17 5 15 7 11 9 8 ]
Pmin = [ 97 118 256 313 39 269 103 182 137 99 ]
Pmax = [ 117 147 312 389 51 345 108 238 179 131 ]
cf = [ 25.2128 51.4816 53.4495 26.31 40.0731 68.7277 23.5463 9.94034 59.9177 63.483 ]
c0 = [ 94 120 229 250 68 226 100 154 128 111 ]
cp = [ 29.624 32.9845 22.9688 13.4064 41.3582 23.9176 33.4099 19.6837 38.1317 33.785 ]
D = [ 196 262 321 351 415 470 511 539 617 638 685 728 802 837 901 942 1003 1029 1073 1171 1211 1219 1270 1361 1421 1365 1243 1180 1125 1063 1049 952 906 836 786 834 916 1001 1094 1204 1261 1153 1060 942 820 676 616 441 382 412 481 528 563 629 619 719 767 787 838 879 974 991 1030 1063 1156 1222 1229 1263 1351 1421 1450 1509 1569 1477 1358 1276 1239 1124 1051 1005 936 817 769 825 929 962 1004 1107 1176 1070 951 917 778 714 664 568 ]
