n = 10 ; 
T = 96 ; 
Init = [ 1 0 1 0 0 1 0 1 0 1 ]
L = [ 14 11 7 18 11 5 5 18 18 15 ]
l = [ 14 11 7 18 11 5 5 18 18 15 ]
Pmin = [ 250 158 97 315 184 37 54 298 314 250 ]
Pmax = [ 309 208 122 384 208 43 67 384 385 313 ]
cf = [ 32.3028 16.4327 16.4908 16.1582 37.8406 20.4819 31.5535 61.74 43.7992 40.9373 ]
c0 = [ 222 152 96 250 170 56 62 242 250 215 ]
cp = [ 20.4559 32.9055 35.4861 11.1362 19.632 40.4842 39.8801 9.38505 11.3022 22.2111 ]
D = [ 279 356 386 501 538 623 690 717 760 863 892 995 1072 1105 1205 1234 1334 1413 1442 1542 1568 1655 1688 1753 1817 1776 1674 1572 1485 1377 1323 1271 1175 1085 1002 1042 1138 1221 1305 1378 1417 1352 1188 1126 1030 900 801 659 547 565 624 702 786 829 906 969 963 1074 1127 1199 1232 1328 1335 1372 1473 1556 1553 1624 1738 1788 1796 1896 1962 1873 1740 1633 1552 1460 1355 1248 1198 1093 1006 1063 1105 1200 1262 1321 1388 1340 1227 1083 991 826 742 611 ]
