n = 10 ; 
T = 96 ; 
Init = [ 0 0 0 1 0 1 1 0 1 1 ]
L = [ 20 19 10 4 15 8 16 8 20 9 ]
l = [ 20 19 10 4 15 8 16 8 20 9 ]
Pmin = [ 315 315 152 33 263 133 284 119 315 126 ]
Pmax = [ 420 407 185 33 324 153 339 139 420 161 ]
cf = [ 21.8557 56.9476 69.4704 28.8424 66.9144 45.8194 18.6574 49.3098 24.6067 15.7718 ]
c0 = [ 250 250 140 53 230 136 241 122 250 121 ]
cp = [ 9.1118 14.3071 23.9829 41.1544 12.0872 31.7548 13.0472 34.0574 8.84007 27.7854 ]
D = [ 248 313 417 505 510 647 716 750 815 880 951 1021 1151 1225 1271 1318 1373 1468 1531 1617 1677 1798 1847 1863 1950 1910 1771 1708 1604 1553 1403 1357 1213 1182 1066 1131 1269 1340 1455 1587 1652 1532 1342 1233 1115 988 853 719 593 614 642 743 803 859 948 961 1044 1092 1139 1197 1220 1321 1331 1415 1445 1489 1539 1671 1662 1738 1801 1886 1876 1806 1789 1724 1584 1501 1479 1332 1300 1250 1147 1203 1324 1426 1525 1587 1681 1523 1424 1238 1037 894 734 594 ]
