n = 10 ; 
T = 96 ; 
Init = [ 1 1 0 1 0 0 1 1 1 1 ]
L = [ 10 13 17 18 8 14 7 15 6 11 ]
l = [ 10 13 17 18 8 14 7 15 6 11 ]
Pmin = [ 155 229 269 298 104 225 95 243 91 160 ]
Pmax = [ 192 281 356 382 128 282 124 308 104 212 ]
cf = [ 51.7593 44.8341 20.1077 10.2767 8.3473 37.4783 20.3443 43.6662 13.5258 69.0161 ]
c0 = [ 141 196 235 250 101 202 95 201 106 146 ]
cp = [ 31.6006 14.7411 12.5886 22.8517 33.4735 21.2823 36.9512 19.7849 37.716 15.6592 ]
D = [ 380 394 506 520 617 697 738 756 873 926 964 1045 1136 1167 1224 1278 1332 1380 1482 1524 1570 1629 1728 1804 1825 1766 1674 1603 1477 1401 1331 1208 1164 1064 973 1065 1164 1311 1359 1432 1571 1448 1314 1176 1021 882 815 651 507 609 640 700 718 763 863 891 953 1017 1008 1057 1115 1183 1235 1266 1366 1395 1470 1497 1523 1590 1672 1688 1739 1661 1605 1553 1419 1403 1291 1219 1175 1042 980 1061 1162 1229 1367 1400 1480 1355 1261 1146 1038 945 810 670 ]
