n = 10 ; 
T = 96 ; 
Init = [ 0 1 0 1 1 0 1 1 0 1 ]
L = [ 11 14 8 13 8 14 13 4 5 6 ]
l = [ 11 14 8 13 8 14 13 4 5 6 ]
Pmin = [ 185 243 109 232 121 225 192 25 89 83 ]
Pmax = [ 230 304 117 290 142 271 249 26 89 95 ]
cf = [ 42.1343 13.0661 49.6286 56.488 69.499 29.0252 9.99465 27.297 33.0543 56.5893 ]
c0 = [ 175 211 119 189 111 198 177 41 96 97 ]
cp = [ 27.568 33.6565 26.5595 25.5629 35.0382 18.5642 12.4323 41.5175 41.3826 36.3259 ]
D = [ 292 307 366 439 433 524 572 609 655 708 754 768 830 841 936 951 1010 1018 1068 1133 1153 1225 1272 1308 1386 1292 1228 1201 1135 1086 986 946 927 841 768 809 880 921 1014 1025 1074 1020 912 829 740 622 509 434 334 400 427 475 535 533 572 642 658 716 764 812 855 891 957 987 1003 1026 1112 1109 1180 1217 1280 1328 1347 1266 1210 1172 1071 1049 964 905 847 807 754 788 837 915 1037 1061 1154 1061 991 863 765 719 580 516 ]
