n = 10 ; 
T = 96 ; 
Init = [ 1 0 1 0 1 0 1 0 0 0 ]
L = [ 8 15 16 15 18 10 19 18 13 15 ]
l = [ 8 15 16 15 18 10 19 18 13 15 ]
Pmin = [ 112 233 282 269 305 151 315 293 193 258 ]
Pmax = [ 135 296 344 320 369 181 420 370 251 335 ]
cf = [ 40.7994 43.2239 16.3448 17.1885 21.0119 31.4789 24.4957 66.2916 41.648 44.7643 ]
c0 = [ 105 208 236 226 250 148 250 248 165 229 ]
cp = [ 40.2263 15.683 17.3833 15.9234 12.0459 28.6803 8.60083 10.6508 18.1327 27.0659 ]
D = [ 512 513 643 698 767 905 953 988 1087 1234 1261 1308 1451 1461 1566 1684 1754 1863 1937 2009 2020 2111 2171 2251 2405 2291 2214 2095 1985 1872 1783 1673 1585 1444 1413 1531 1559 1713 1786 1939 2056 1905 1750 1552 1436 1202 1043 918 749 805 845 903 981 1108 1157 1222 1256 1295 1374 1471 1475 1557 1672 1715 1755 1803 1850 1899 1953 2066 2161 2141 2256 2133 2025 1986 1892 1776 1745 1661 1539 1486 1399 1466 1546 1620 1690 1743 1898 1738 1579 1429 1185 1078 910 749 ]
