n = 10 ; 
T = 96 ; 
Init = [ 1 0 0 1 0 0 0 1 0 1 ]
L = [ 19 9 5 16 16 17 5 9 9 7 ]
l = [ 19 9 5 16 16 17 5 9 9 7 ]
Pmin = [ 309 130 81 294 277 301 67 157 119 92 ]
Pmax = [ 407 142 81 357 358 368 82 174 140 113 ]
cf = [ 57.9127 8.42362 60.453 43.0263 47.5726 41.1743 67.035 43.8156 68.9392 67.6043 ]
c0 = [ 249 121 91 246 240 244 71 155 120 103 ]
cp = [ 10.4188 27.6185 39.3041 13.6005 14.7488 13.8352 35.1214 26.0883 21.5127 36.5013 ]
D = [ 288 376 407 518 578 592 624 695 799 829 850 908 1006 1014 1120 1153 1239 1289 1309 1375 1430 1515 1539 1566 1681 1568 1519 1450 1312 1254 1210 1075 1051 910 831 987 1054 1128 1227 1342 1463 1311 1213 1087 960 840 764 595 466 548 620 634 674 756 784 847 891 936 982 1037 1082 1114 1139 1232 1265 1308 1353 1425 1416 1525 1518 1579 1659 1550 1479 1371 1296 1288 1145 1070 1025 980 871 962 1022 1110 1144 1201 1286 1152 1050 966 889 765 655 563 ]
