n = 10 ; 
T = 96 ; 
Init = [ 0 0 1 1 0 0 1 0 1 0 ]
L = [ 15 19 9 12 11 4 7 6 15 15 ]
l = [ 15 19 9 12 11 4 7 6 15 15 ]
Pmin = [ 277 315 146 199 184 38 114 106 242 262 ]
Pmax = [ 333 415 180 230 225 38 139 107 317 317 ]
cf = [ 56.9175 28.5852 35.9417 35.5618 52.0024 28.3461 50.1299 44.8573 10.5587 67.735 ]
c0 = [ 241 250 128 185 165 56 121 111 211 214 ]
cp = [ 26.9333 10.3064 19.1372 23.9442 33.4273 40.8692 35.5042 39.993 16.8322 24.071 ]
D = [ 337 444 453 564 617 675 715 755 770 871 877 962 1022 1087 1099 1192 1233 1286 1313 1428 1426 1499 1566 1633 1665 1604 1551 1460 1367 1299 1247 1168 1154 1058 960 1092 1149 1260 1303 1396 1479 1344 1262 1069 945 822 744 607 450 539 609 656 683 730 825 851 915 921 1001 1034 1086 1141 1226 1308 1326 1348 1432 1515 1581 1598 1683 1675 1739 1681 1620 1497 1414 1375 1291 1196 1116 1049 1022 1060 1131 1214 1224 1305 1417 1273 1154 1008 942 855 737 560 ]
