n = 10 ; 
T = 96 ; 
Init = [ 1 1 0 1 0 1 1 1 0 1 ]
L = [ 18 6 16 15 17 15 14 4 16 16 ]
l = [ 18 6 16 15 17 15 14 4 16 16 ]
Pmin = [ 312 85 272 230 293 262 224 63 257 259 ]
Pmax = [ 383 94 344 295 357 339 289 63 315 326 ]
cf = [ 46.2023 29.0227 52.8206 35.4756 33.7095 59.7161 31.2067 7.15115 52.8996 31.2874 ]
c0 = [ 250 95 224 194 237 222 205 82 229 219 ]
cp = [ 17.1796 33.2838 21.3852 15.9065 21.0013 18.6681 18.5549 39.8845 13.3472 22.9754 ]
D = [ 359 383 457 558 693 747 844 898 1012 1020 1153 1203 1259 1370 1443 1541 1671 1719 1757 1860 1905 1982 2139 2146 2294 2135 2055 1937 1810 1727 1606 1565 1426 1299 1181 1314 1476 1592 1699 1797 1938 1739 1639 1493 1324 1121 992 872 746 810 822 865 954 1050 1071 1183 1262 1250 1328 1385 1457 1555 1661 1640 1731 1821 1925 1967 2011 2118 2141 2228 2259 2142 2069 2004 1843 1744 1655 1526 1426 1379 1228 1360 1455 1565 1647 1756 1884 1708 1538 1307 1162 1033 811 693 ]
