n = 10 ; 
T = 96 ; 
Init = [ 0 1 0 0 1 1 1 0 1 1 ]
L = [ 17 8 4 13 11 12 6 11 15 19 ]
l = [ 17 8 4 13 11 12 6 11 15 19 ]
Pmin = [ 287 124 27 208 176 172 89 162 227 301 ]
Pmax = [ 373 152 31 254 211 225 108 202 293 399 ]
cf = [ 38.6392 41.0752 44.0696 50.983 69.0474 12.9925 61.9576 59.3184 27.8471 63.4553 ]
c0 = [ 239 114 61 188 168 154 86 139 199 250 ]
cp = [ 23.5454 32.7441 41.4534 25.9671 30.2327 27.281 34.425 23.3056 22.781 9.3112 ]
D = [ 210 227 299 338 423 478 548 613 654 704 781 861 885 962 1009 1035 1101 1151 1255 1329 1327 1438 1496 1565 1565 1540 1491 1408 1357 1302 1221 1145 1047 979 958 1017 1078 1125 1192 1234 1346 1178 1062 960 883 756 620 551 404 457 527 533 604 657 753 761 800 886 937 975 1031 1076 1184 1221 1268 1279 1363 1429 1439 1535 1564 1635 1710 1586 1511 1486 1423 1339 1242 1164 1082 1002 952 1031 1096 1158 1267 1319 1414 1262 1187 1025 939 846 743 577 ]
