n = 10 ; 
T = 96 ; 
Init = [ 0 0 0 0 1 0 0 1 0 1 ]
L = [ 6 8 9 5 9 5 15 9 12 11 ]
l = [ 6 8 9 5 9 5 15 9 12 11 ]
Pmin = [ 68 138 133 86 140 73 263 146 201 148 ]
Pmax = [ 90 149 173 86 161 73 314 159 258 196 ]
cf = [ 48.644 24.519 61.2118 43.7882 59.6597 37.7775 17.1769 9.42378 14.0062 63.5376 ]
c0 = [ 87 121 130 86 128 84 218 129 182 128 ]
cp = [ 40.8741 33.5292 34.5485 35.8906 38.7211 38.8674 18.8294 33.0385 25.3928 22.6854 ]
D = [ 159 192 223 280 332 352 398 463 514 536 606 617 680 743 785 809 852 874 930 958 993 1084 1095 1123 1164 1120 1069 1009 945 923 852 804 773 690 657 687 742 818 871 880 935 891 797 748 670 575 508 430 387 411 458 451 532 573 557 617 641 685 714 763 775 837 835 870 933 941 980 1018 1059 1122 1155 1174 1189 1131 1128 1076 999 946 908 832 823 743 680 771 806 855 917 996 1053 964 856 797 681 590 478 390 ]
