n = 10 ; 
T = 96 ; 
Init = [ 1 0 0 0 0 0 0 0 1 1 ]
L = [ 11 14 14 7 4 19 14 9 12 12 ]
l = [ 11 14 14 7 4 19 14 9 12 12 ]
Pmin = [ 163 254 231 91 70 315 232 146 189 204 ]
Pmax = [ 198 315 271 108 70 412 291 177 234 238 ]
cf = [ 15.7023 12.526 66.6496 26.2758 19.6017 53.9061 48.711 45.0685 38.2792 26.4149 ]
c0 = [ 151 219 190 107 86 250 196 146 177 169 ]
cp = [ 26.3316 18.5549 27.826 34.9324 41.7925 11.4914 27.2016 24.8493 19.9118 25.5685 ]
D = [ 251 270 362 385 481 527 604 628 708 779 781 902 904 1025 1069 1084 1136 1252 1256 1336 1368 1489 1487 1590 1627 1565 1537 1438 1369 1356 1274 1168 1116 1067 1001 1038 1103 1182 1260 1346 1361 1289 1192 1058 972 859 757 665 521 634 671 691 762 764 853 898 957 1003 984 1056 1099 1128 1201 1260 1303 1321 1407 1407 1509 1567 1585 1603 1664 1577 1526 1494 1364 1335 1238 1156 1117 1011 979 1036 1109 1190 1247 1332 1412 1272 1177 1048 890 745 628 542 ]
