n = 10 ; 
T = 96 ; 
Init = [ 0 1 1 1 0 0 0 1 0 1 ]
L = [ 9 17 10 5 7 15 10 17 15 9 ]
l = [ 9 17 10 5 7 15 10 17 15 9 ]
Pmin = [ 141 288 166 79 101 255 150 310 234 126 ]
Pmax = [ 174 371 212 91 101 319 174 373 305 168 ]
cf = [ 43.8313 56.8122 36.1127 30.3111 53.0151 49.6859 51.1491 56.5698 42.7302 19.8381 ]
c0 = [ 141 249 141 84 107 211 146 250 208 127 ]
cp = [ 29.917 9.89394 24.8181 34.9461 38.051 23.2847 29.8914 10.4859 13.2526 31.7974 ]
D = [ 319 375 476 504 574 662 676 747 848 885 902 973 1051 1151 1219 1213 1304 1388 1433 1518 1552 1593 1680 1721 1822 1739 1675 1575 1465 1428 1356 1263 1144 1112 984 1095 1156 1202 1245 1346 1367 1265 1198 1058 917 856 725 614 455 530 561 659 672 761 750 807 903 956 973 1041 1045 1109 1173 1235 1277 1302 1397 1450 1444 1512 1538 1583 1633 1617 1537 1429 1362 1329 1242 1149 1065 961 917 1031 1123 1177 1222 1361 1418 1309 1190 1079 984 805 706 605 ]
