n = 10 ; 
T = 96 ; 
Init = [ 1 0 0 1 0 1 0 0 1 0 ]
L = [ 12 12 20 9 13 15 9 12 16 15 ]
l = [ 12 12 20 9 13 15 9 12 16 15 ]
Pmin = [ 215 203 315 150 216 256 157 185 291 252 ]
Pmax = [ 262 254 420 177 269 329 193 242 352 324 ]
cf = [ 50.0221 48.4139 43.9812 37.5774 26.4625 66.9484 22.6838 22.123 52.0029 18.6641 ]
c0 = [ 181 183 250 131 187 228 135 156 250 217 ]
cp = [ 30.7309 26.8613 9.39267 25.7705 24.6324 15.743 29.5775 33.822 21.0937 15.2043 ]
D = [ 400 531 565 620 733 805 852 916 995 1072 1168 1204 1285 1386 1402 1458 1567 1676 1726 1825 1821 1933 1964 2056 2117 2027 1919 1861 1795 1669 1563 1418 1352 1307 1146 1338 1414 1542 1630 1811 1849 1780 1551 1416 1281 1094 945 753 610 728 719 842 852 976 1033 1109 1126 1231 1240 1308 1347 1428 1548 1595 1645 1730 1792 1836 1947 1939 2007 2090 2188 2058 1987 1910 1775 1640 1595 1513 1336 1312 1192 1278 1438 1533 1630 1743 1876 1724 1548 1366 1230 1014 910 664 ]
