n = 10 ; 
T = 96 ; 
Init = [ 1 1 0 1 1 1 1 1 0 1 ]
L = [ 19 19 15 12 16 9 19 7 18 13 ]
l = [ 19 19 15 12 16 9 19 7 18 13 ]
Pmin = [ 315 315 253 190 252 129 315 94 309 230 ]
Pmax = [ 420 412 328 214 316 163 414 107 376 274 ]
cf = [ 59.1586 20.3898 35.0137 44.5855 30.2476 35.3108 66.4291 67.2822 65.1397 20.5344 ]
c0 = [ 250 250 205 165 207 117 250 105 250 195 ]
cp = [ 9.7715 9.53875 19.8418 25.4546 15.4295 32.7971 10.4155 36.5566 16.3343 26.9158 ]
D = [ 476 537 588 743 744 895 952 1009 1116 1098 1244 1245 1371 1438 1491 1626 1639 1733 1787 1921 1990 2053 2134 2205 2264 2099 2065 1984 1797 1778 1598 1545 1410 1312 1237 1334 1411 1521 1706 1713 1836 1751 1552 1488 1293 1178 1072 922 773 870 918 968 1025 1091 1157 1190 1279 1285 1387 1477 1507 1604 1565 1706 1782 1753 1810 1938 1950 2082 2047 2185 2242 2142 2061 1973 1815 1773 1687 1584 1475 1376 1263 1343 1441 1526 1683 1705 1841 1697 1509 1375 1268 1085 928 836 ]
