n = 10 ; 
T = 96 ; 
Init = [ 1 0 0 1 1 0 0 1 1 1 ]
L = [ 4 20 13 13 5 9 9 9 13 8 ]
l = [ 4 20 13 13 5 9 9 9 13 8 ]
Pmin = [ 42 315 193 202 68 134 168 150 223 117 ]
Pmax = [ 43 420 254 251 79 167 194 183 284 154 ]
cf = [ 43.3043 60.4642 29.3218 43.6497 17.3367 20.5772 34.2838 12.7363 69.9531 15.2327 ]
c0 = [ 69 250 169 186 83 132 155 131 192 106 ]
cp = [ 40.5001 8.99268 18.7208 34.0174 34.8443 28.8902 29.625 27.802 23.036 25.8003 ]
D = [ 313 321 397 429 494 553 574 645 667 717 773 863 906 929 980 1061 1119 1187 1237 1244 1285 1338 1425 1443 1491 1463 1338 1297 1215 1179 1067 988 909 887 790 874 946 1032 1072 1179 1266 1127 1025 921 818 716 642 482 379 465 476 565 599 640 657 726 728 802 864 852 901 969 1016 1073 1104 1116 1182 1245 1261 1329 1331 1415 1451 1358 1359 1259 1197 1144 1078 1019 944 910 833 859 932 1002 1054 1086 1122 1049 946 843 731 631 543 483 ]
