n = 10 ; 
T = 96 ; 
Init = [ 1 1 1 1 1 0 1 0 1 0 ]
L = [ 13 14 10 15 17 10 6 11 6 10 ]
l = [ 13 14 10 15 17 10 6 11 6 10 ]
Pmin = [ 217 239 176 264 307 167 74 174 98 163 ]
Pmax = [ 270 283 199 315 374 187 74 223 112 179 ]
cf = [ 65.8377 41.1411 19.8108 49.8131 26.6864 47.0321 19.0538 30.8535 39.5816 14.5421 ]
c0 = [ 190 210 166 227 250 155 95 163 112 142 ]
cp = [ 23.7378 27.373 29.5761 13.9352 11.5888 33.1841 39.584 25.8486 35.0839 33.57 ]
D = [ 286 290 376 399 494 544 610 642 699 757 803 912 926 1030 1082 1107 1195 1218 1291 1342 1411 1435 1526 1535 1643 1584 1493 1449 1392 1321 1249 1191 1067 1025 1007 1066 1161 1224 1331 1352 1490 1299 1157 1036 892 745 666 480 375 422 491 526 545 635 677 764 772 821 921 951 973 1051 1096 1175 1207 1267 1330 1379 1433 1437 1551 1593 1654 1522 1471 1409 1367 1284 1189 1124 1035 957 949 985 1101 1167 1237 1383 1445 1359 1205 1105 971 884 737 657 ]
