n = 10 ; 
T = 96 ; 
Init = [ 1 1 0 1 0 1 0 1 1 1 ]
L = [ 9 17 10 15 9 8 18 15 18 7 ]
l = [ 9 17 10 15 9 8 18 15 18 7 ]
Pmin = [ 126 266 180 249 120 113 304 240 307 109 ]
Pmax = [ 164 351 209 315 155 128 382 319 399 112 ]
cf = [ 41.6723 26.869 47.6839 31.4618 38.937 13.6948 52.3284 62.9599 61.9277 15.7404 ]
c0 = [ 117 222 165 205 120 108 250 199 250 105 ]
cp = [ 31.46 23.5044 30.1898 17.4645 32.7097 36.542 13.1996 15.2083 10.88 32.1387 ]
D = [ 283 384 468 480 599 647 696 739 810 903 986 1027 1066 1110 1186 1282 1351 1407 1446 1493 1559 1649 1748 1743 1831 1817 1697 1611 1533 1494 1427 1343 1255 1207 1156 1185 1267 1348 1439 1528 1553 1450 1302 1173 1050 914 731 612 467 538 576 645 754 779 842 899 929 980 1107 1161 1235 1229 1291 1371 1467 1543 1572 1618 1684 1722 1782 1850 1928 1861 1777 1637 1571 1482 1381 1351 1273 1150 1042 1202 1319 1403 1475 1560 1721 1524 1440 1279 1102 1018 876 735 ]
