n = 10 ; 
T = 96 ; 
Init = [ 1 1 0 1 1 1 1 1 1 1 ]
L = [ 13 17 4 13 4 5 6 12 16 8 ]
l = [ 13 17 4 13 4 5 6 12 16 8 ]
Pmin = [ 204 257 35 215 52 72 75 188 263 116 ]
Pmax = [ 251 341 35 263 52 72 90 226 338 136 ]
cf = [ 16.3831 51.6289 47.0115 36.8903 17.703 15.3517 49.5395 30.6988 28.4956 67.1472 ]
c0 = [ 181 218 59 190 71 86 88 165 223 115 ]
cp = [ 26.3547 11.3573 41.5409 20.6222 41.9912 39.6068 39.1881 25.5652 18.6579 32.7729 ]
D = [ 276 328 358 378 414 450 536 567 613 637 671 717 741 820 871 895 953 978 998 1047 1113 1131 1152 1201 1275 1183 1132 1118 1035 989 937 929 835 829 741 804 897 899 1009 1050 1092 982 873 803 671 572 484 369 298 357 399 430 488 506 563 624 641 680 755 758 817 842 883 948 970 1056 1050 1120 1138 1220 1258 1276 1311 1289 1189 1169 1080 1048 993 935 860 803 732 779 864 914 919 978 1023 930 874 804 692 634 528 452 ]
