n = 10 ; 
T = 96 ; 
Init = [ 1 0 1 0 0 1 1 1 0 0 ]
L = [ 5 6 10 11 18 11 19 13 19 6 ]
l = [ 5 6 10 11 18 11 19 13 19 6 ]
Pmin = [ 73 70 144 168 292 182 315 223 313 111 ]
Pmax = [ 91 84 184 199 380 241 420 276 389 116 ]
cf = [ 69.9146 53.5856 56.3901 40.4442 54.1641 19.9916 33.5538 40.605 50.5448 36.0663 ]
c0 = [ 85 80 137 144 248 170 250 187 250 106 ]
cp = [ 38.1936 40.3172 29.7871 22.0295 19.5359 26.3117 12.1583 23.8294 15.0988 36.6202 ]
D = [ 327 373 445 481 538 617 637 762 771 832 925 1023 1043 1129 1199 1250 1318 1367 1422 1470 1536 1627 1692 1767 1791 1697 1633 1543 1518 1374 1344 1279 1197 1098 1005 1069 1139 1234 1282 1376 1469 1356 1216 1077 987 854 781 618 501 611 606 658 703 765 791 850 881 999 975 1065 1090 1135 1220 1267 1285 1313 1378 1479 1483 1525 1575 1640 1648 1608 1521 1443 1421 1306 1212 1132 1080 1011 934 1054 1171 1246 1377 1478 1544 1448 1279 1168 990 859 746 618 ]
