n = 10 ; 
T = 96 ; 
Init = [ 1 1 0 1 1 0 1 1 0 1 ]
L = [ 12 4 8 11 12 15 4 5 11 5 ]
l = [ 12 4 8 11 12 15 4 5 11 5 ]
Pmin = [ 220 46 120 193 201 275 57 73 164 69 ]
Pmax = [ 256 46 149 225 237 329 57 73 219 69 ]
cf = [ 29.6115 21.1598 60.6875 61.7205 64.7439 25.9274 52.8385 15.4237 53.784 15.08 ]
c0 = [ 187 60 126 164 184 226 75 91 153 88 ]
cp = [ 27.6792 41.4192 35.0281 28.161 24.544 26.2728 39.8534 34.1175 17.6015 34.0743 ]
D = [ 221 270 292 336 400 417 482 495 538 619 666 680 731 788 788 850 883 929 972 1006 1054 1117 1174 1191 1233 1210 1152 1098 1037 974 901 851 794 752 704 724 765 848 890 932 1000 918 855 750 682 629 543 465 379 416 454 468 503 544 553 635 659 676 704 743 768 816 844 846 884 901 971 1002 1032 1071 1057 1110 1138 1098 1046 985 933 912 859 809 794 747 679 707 762 819 844 893 987 883 815 725 638 566 500 419 ]
