n = 10 ; 
T = 96 ; 
Init = [ 1 1 1 0 1 0 1 1 1 1 ]
L = [ 17 10 19 6 13 12 4 16 13 11 ]
l = [ 17 10 19 6 13 12 4 16 13 11 ]
Pmin = [ 273 164 315 64 211 194 27 278 214 163 ]
Pmax = [ 342 210 409 75 267 220 35 362 268 193 ]
cf = [ 14.5155 44.8086 50.6349 50.7113 59.0105 9.82802 64.3958 16.8453 62.6651 29.2459 ]
c0 = [ 230 142 250 80 190 171 60 229 185 157 ]
cp = [ 14.0078 31.2229 12.0614 35.5821 22.0228 26.9235 40.9975 15.2154 29.0612 28.758 ]
D = [ 274 339 393 415 496 563 656 707 749 830 890 986 1029 1113 1220 1219 1324 1390 1476 1502 1578 1681 1697 1792 1874 1772 1701 1566 1474 1431 1357 1205 1159 1072 953 1098 1189 1273 1324 1389 1487 1392 1271 1128 1050 889 757 639 471 524 640 673 743 732 840 876 958 1002 1001 1083 1175 1229 1234 1320 1334 1394 1488 1534 1598 1596 1692 1720 1792 1683 1619 1491 1427 1335 1255 1187 1094 1078 989 1069 1145 1189 1252 1357 1392 1300 1177 1072 982 889 739 689 ]
