n = 20 ; 
T = 96 ; 
Init = [ 1 0 0 0 0 0 0 0 1 0 1 0 0 1 0 1 1 0 1 1 ]
L = [ 19 19 19 15 15 14 14 18 7 7 13 12 12 14 14 13 13 12 16 16 ]
l = [ 19 19 19 15 15 14 14 18 7 7 13 12 12 14 14 13 13 12 16 16 ]
Pmin = [ 315 315 315 261 261 238 238 315 98 98 211 186 186 221 221 225 225 188 271 271 ]
Pmax = [ 419 419 420 309 309 288 288 387 107 107 267 225 225 279 279 265 265 223 352 352 ]
cf = [ 51.1554 51.1554 48.652 61.459 61.459 13.2295 13.2295 56.805 27.4309 27.4309 56.5081 39.3104 39.3104 24.6445 24.6445 54.7961 54.7961 46.6118 50.3842 50.3842 ]
c0 = [ 250 250 250 211 211 208 208 250 99 99 189 166 166 195 195 196 196 172 234 234 ]
cp = [ 12.2236 12.2236 10.5501 12.6484 12.6484 27.3563 27.3563 16.3674 34.327 34.327 23.7455 24.0868 24.0868 21.7635 21.7635 24.5789 24.5789 28.0364 14.1883 14.1883 ]
D = [ 938 1006 1100 1368 1462 1702 1771 1857 2140 2259 2493 2677 2680 2856 2990 3096 3458 3604 3574 3857 3934 4058 4332 4414 4642 4373 4299 4092 3859 3500 3471 3229 2996 2691 2561 2955 3207 3464 3788 3954 4174 3933 3485 3126 2691 2435 2026 1583 1297 1405 1590 1850 1871 2049 2276 2351 2486 2672 2929 2958 3214 3377 3385 3625 3837 3953 4139 4265 4516 4496 4771 4920 5075 4882 4527 4276 4137 3807 3726 3329 3165 2897 2603 2993 3222 3474 3567 3988 4054 3892 3401 3211 2839 2415 2092 1776 ]
