n = 20 ; 
T = 96 ; 
Init = [ 1 0 0 0 0 0 1 1 0 1 0 0 1 1 1 1 1 1 1 0 ]
L = [ 7 7 19 17 11 11 7 7 15 15 11 11 7 5 8 17 7 12 5 17 ]
l = [ 7 7 19 17 11 11 7 7 15 15 11 11 7 5 8 17 7 12 5 17 ]
Pmin = [ 90 90 304 315 168 168 83 83 257 254 191 191 99 81 125 303 119 189 67 302 ]
Pmax = [ 100 100 394 381 220 220 108 108 341 300 240 240 110 81 144 377 119 245 88 388 ]
cf = [ 18.2494 18.2494 45.349 23.3144 17.9107 17.9107 57.8051 57.8051 26.9025 40.8892 66.2556 66.2556 41.2606 56.8236 21.6849 37.5532 58.7889 35.4237 27.0136 39.5194 ]
c0 = [ 105 105 242 250 161 161 95 95 208 221 167 167 112 86 111 250 119 179 80 250 ]
cp = [ 39.2878 39.2878 11.0713 9.80284 31.7658 31.7658 33.607 33.607 14.1695 27.3389 28.7065 28.7065 35.0204 40.2888 34.7905 17.1785 41.3949 20.2903 37.9007 12.9795 ]
D = [ 517 702 866 986 1103 1195 1409 1437 1631 1675 1802 1919 2154 2188 2399 2517 2619 2714 2884 3085 3159 3360 3398 3564 3735 3557 3424 3215 3026 2922 2691 2577 2369 2171 2044 2159 2416 2554 2721 2884 3090 2834 2566 2301 2104 1759 1636 1409 1155 1252 1310 1393 1523 1539 1757 1793 1901 2015 2166 2243 2240 2336 2499 2618 2709 2864 2862 2945 3077 3213 3344 3379 3482 3370 3162 3009 2829 2741 2506 2321 2231 1954 1908 2060 2225 2508 2753 2926 3068 2903 2592 2325 2000 1752 1506 1328 ]
