n = 20 ; 
T = 96 ; 
Init = [ 1 0 0 1 1 0 0 0 0 0 0 1 1 1 0 1 1 1 0 1 ]
L = [ 8 6 17 9 18 4 5 12 4 5 8 10 5 8 12 12 17 10 11 18 ]
l = [ 8 6 17 9 18 4 5 12 4 5 8 10 5 8 12 12 17 10 11 18 ]
Pmin = [ 121 60 302 135 311 54 71 195 51 45 129 153 79 115 176 194 300 169 187 293 ]
Pmax = [ 133 79 391 177 399 63 87 256 51 55 145 188 88 131 234 222 386 188 214 371 ]
cf = [ 57.9703 63.2188 39.5974 22.9026 34.2579 41.5754 17.8378 55.4629 37.1497 11.2122 21.7632 62.96 33.3867 61.292 19.5504 68.0426 10.9288 51.2002 31.7023 57.8003 ]
c0 = [ 117 71 250 125 250 63 82 171 73 67 129 141 93 125 160 164 244 158 161 236 ]
cp = [ 34.5355 40.0666 12.1211 32.396 12.8953 40.6583 40.8281 25.1797 40.4292 37.7403 19.8086 24.2498 36.3857 33.6849 29.5029 28.6338 12.2357 30.4487 23.5016 12.8018 ]
D = [ 523 551 666 795 891 997 1081 1189 1381 1429 1561 1632 1765 1842 2011 2087 2188 2308 2320 2481 2510 2628 2803 2920 2995 2850 2672 2607 2484 2289 2217 2053 1920 1721 1581 1846 1917 2026 2156 2315 2505 2183 1965 1841 1630 1476 1187 971 806 918 972 1048 1254 1238 1463 1469 1654 1711 1856 1976 2027 2165 2221 2385 2381 2600 2681 2702 2911 2940 3096 3222 3309 3064 3006 2803 2609 2545 2322 2249 2055 1920 1819 1898 2091 2282 2402 2538 2681 2477 2263 2127 1818 1695 1481 1202 ]
