n = 20 ; 
T = 96 ; 
Init = [ 1 0 0 1 0 0 1 0 1 1 0 1 0 1 0 0 1 0 1 0 ]
L = [ 17 17 4 4 12 12 17 17 13 13 7 12 17 6 6 12 8 8 13 4 ]
l = [ 17 17 4 4 12 12 17 17 13 13 7 12 17 6 6 12 8 8 13 4 ]
Pmin = [ 282 282 62 62 212 212 290 290 234 234 82 204 306 80 80 191 124 124 237 47 ]
Pmax = [ 369 369 67 67 261 261 375 375 290 290 108 249 371 95 95 244 128 128 285 57 ]
cf = [ 58.5059 58.5059 19.9933 19.9933 64.4175 64.4175 67.2911 67.2911 61.7937 61.7937 16.06 12.9162 63.2524 60.7341 60.7341 59.5067 51.5532 51.5532 68.2721 69.2727 ]
c0 = [ 228 228 68 68 186 186 250 250 196 196 93 180 250 89 89 168 115 115 209 71 ]
cp = [ 17.3437 17.3437 41.1564 41.1564 27.2446 27.2446 11.9778 11.9778 22.6182 22.6182 35.5999 25.7652 19.464 34.2285 34.2285 25.2369 32.3405 32.3405 18.518 41.4581 ]
D = [ 659 919 954 1122 1175 1345 1464 1580 1702 1828 1930 2097 2215 2284 2445 2559 2771 2812 2929 3016 3158 3338 3525 3591 3633 3513 3360 3279 3048 2975 2727 2584 2485 2310 2048 2200 2395 2612 2756 2949 3006 2850 2483 2255 2045 1714 1477 1191 926 1028 1150 1160 1269 1469 1571 1604 1715 1833 1927 2024 2202 2285 2413 2483 2712 2707 2834 3022 3092 3270 3362 3542 3600 3411 3182 3164 2932 2749 2659 2446 2252 2170 2017 2180 2383 2580 2827 3027 3228 2955 2638 2241 1938 1635 1358 1169 ]
