n = 20 ; 
T = 96 ; 
Init = [ 1 0 1 1 0 1 0 1 1 1 0 1 1 1 0 1 1 0 0 1 ]
L = [ 4 14 19 4 18 11 9 8 7 14 19 7 15 6 12 17 6 7 6 4 ]
l = [ 4 14 19 4 18 11 9 8 7 14 19 7 15 6 12 17 6 7 6 4 ]
Pmin = [ 39 215 315 50 315 192 135 115 90 254 315 108 265 93 179 274 92 89 99 50 ]
Pmax = [ 39 266 412 50 400 228 155 126 111 315 405 129 328 93 237 353 103 95 112 50 ]
cf = [ 55.4927 34.0095 65.8844 32.4226 22.8754 68.1771 52.8655 53.9063 41.8781 20.8724 49.5266 13.145 11.7808 41.4847 16.429 26.2723 16.0979 47.7461 39.3481 58.7921 ]
c0 = [ 59 196 250 57 250 173 129 108 100 211 250 101 230 101 163 228 94 88 92 68 ]
cp = [ 40.2496 13.7725 16.6703 41.9469 10.9668 27.4374 28.5245 37.7896 35.525 23.0501 9.27516 37.357 16.8077 35.025 18.9615 19.0902 38.2298 37.1504 25.0982 41.1004 ]
D = [ 680 715 949 1030 1050 1213 1324 1438 1530 1709 1801 1853 1997 2091 2259 2355 2371 2456 2693 2777 2805 2920 3124 3224 3320 3177 3036 2890 2751 2566 2405 2264 2148 1969 1944 2016 2168 2279 2501 2635 2672 2534 2267 2140 1843 1636 1495 1250 1128 1100 1231 1347 1461 1443 1560 1629 1734 1849 1943 2009 2095 2268 2348 2408 2521 2598 2702 2739 2756 2938 3029 3044 3148 2974 2883 2811 2573 2518 2360 2153 2126 2010 1831 1987 2064 2357 2494 2589 2765 2493 2293 2052 1721 1513 1244 938 ]
