n = 20 ; 
T = 96 ; 
Init = [ 1 0 1 0 1 1 1 1 0 1 1 1 1 0 1 1 1 0 1 0 ]
L = [ 18 18 7 9 9 12 12 9 9 13 8 8 14 14 8 8 17 4 4 13 ]
l = [ 18 18 7 9 9 12 12 9 9 13 8 8 14 14 8 8 17 4 4 13 ]
Pmin = [ 315 315 113 141 141 183 183 148 131 241 136 136 258 258 110 110 269 52 52 200 ]
Pmax = [ 403 403 140 152 152 224 224 162 170 283 142 142 309 309 129 129 346 52 52 254 ]
cf = [ 32.9236 32.9236 39.9573 48.6559 48.6559 52.5203 52.5203 16.251 47.0759 31.1179 43.5326 43.5326 27.2943 27.2943 46.3181 46.3181 63.1663 15.8106 15.8106 17.6265 ]
c0 = [ 250 250 114 135 135 161 161 132 130 218 125 125 224 224 101 101 237 69 69 173 ]
cp = [ 16.2812 16.2812 37.7807 27.1144 27.1144 30.4937 30.4937 34.736 37.0337 13.8012 27.3722 27.3722 29.4863 29.4863 31.4213 31.4213 11.8915 41.6933 41.6933 14.0086 ]
D = [ 578 657 824 944 1057 1167 1375 1505 1635 1702 1746 1950 2129 2202 2367 2441 2555 2607 2836 2994 3051 3110 3235 3493 3583 3450 3225 3038 2871 2722 2622 2447 2253 2046 1868 2129 2223 2293 2562 2662 2826 2626 2267 2097 1847 1681 1311 1203 971 993 1125 1274 1384 1343 1486 1611 1783 1764 1857 1986 2102 2306 2377 2412 2584 2605 2804 2863 2915 3033 3082 3206 3344 3280 3011 2880 2831 2648 2580 2396 2284 2096 1958 2165 2295 2509 2587 2787 2879 2696 2518 2221 1989 1780 1567 1253 ]
