n = 20 ; 
T = 96 ; 
Init = [ 1 0 1 1 1 1 0 0 0 0 1 0 1 1 1 1 1 1 1 0 ]
L = [ 20 5 10 11 13 18 13 13 16 18 15 7 16 16 15 17 13 18 7 14 ]
l = [ 20 5 10 11 13 18 13 13 16 18 15 7 16 16 15 17 13 18 7 14 ]
Pmin = [ 315 79 172 193 221 315 218 209 265 310 257 103 256 237 244 299 241 290 95 223 ]
Pmax = [ 420 79 217 233 289 406 260 253 345 391 341 131 341 316 320 362 281 366 112 264 ]
cf = [ 16.4882 25.1606 39.2964 18.3351 25.8306 48.6727 12.7219 25.3794 18.1276 36.1035 14.4208 37.0102 52.3629 43.851 34.0783 17.7533 35.1721 53.0955 41.6519 29.9593 ]
c0 = [ 250 82 155 182 191 250 185 180 234 250 216 100 217 208 216 250 198 245 94 190 ]
cp = [ 9.6414 40.7298 31.2347 23.2491 23.3365 11.0319 12.3527 12.9071 21.037 10.5948 20.6935 34.1847 17.2759 22.3108 18.7592 14.3939 15.9344 18.2529 36.0207 18.525 ]
D = [ 760 964 1188 1203 1545 1576 1763 1922 2213 2329 2513 2669 2876 3103 3234 3502 3656 3864 3971 4096 4271 4535 4719 4742 4968 4716 4576 4297 4179 3899 3774 3393 3142 3065 2734 3080 3290 3400 3729 3841 4104 3683 3440 2974 2817 2317 1943 1764 1471 1537 1712 1725 1872 1988 2316 2403 2403 2569 2838 2982 3037 3230 3373 3540 3640 3684 3903 4131 4268 4358 4553 4738 4791 4580 4282 4091 3986 3766 3557 3355 3059 2883 2764 2888 3102 3372 3441 3724 4019 3657 3172 2821 2511 2237 1912 1560 ]
