n = 20 ; 
T = 96 ; 
Init = [ 1 0 1 0 1 0 0 1 0 1 1 1 0 0 0 0 1 1 1 0 ]
L = [ 5 14 15 15 4 4 15 15 10 10 9 9 10 5 5 5 16 16 15 15 ]
l = [ 5 14 15 15 4 4 15 15 10 10 9 9 10 5 5 5 16 16 15 15 ]
Pmin = [ 77 251 245 245 66 66 245 245 164 164 123 123 136 75 77 77 285 285 262 249 ]
Pmax = [ 77 306 301 301 66 66 308 308 190 190 148 148 181 76 77 77 348 348 333 313 ]
cf = [ 68.2832 48.4763 19.9101 19.9101 35.9523 35.9523 56.1332 56.1332 36.191 36.191 11.1278 11.1278 42.9911 52.6209 10.9022 10.9022 28.7503 28.7503 41.3703 59.2084 ]
c0 = [ 94 220 216 216 73 73 204 204 159 159 126 126 136 77 89 89 246 246 232 209 ]
cp = [ 36.2616 18.4377 21.204 21.204 41.6329 41.6329 26.325 26.325 19.7481 19.7481 18.287 18.287 33.7395 38.8418 37.0398 37.0398 17.6038 17.6038 22.1802 30.6099 ]
D = [ 460 522 639 847 870 979 1212 1338 1379 1500 1674 1818 1879 1979 2146 2258 2400 2447 2601 2784 2934 2981 3149 3229 3329 3260 3079 2985 2822 2712 2558 2339 2168 2008 1875 2026 2124 2223 2376 2543 2640 2480 2154 1975 1641 1508 1169 1004 798 922 1014 1080 1169 1314 1363 1490 1627 1756 1858 1981 2123 2251 2347 2463 2468 2605 2692 2926 2975 3123 3111 3266 3463 3258 3024 2884 2813 2636 2501 2307 2143 1990 1902 2045 2103 2281 2440 2675 2872 2598 2271 2076 1819 1628 1288 1076 ]
