n = 20 ; 
T = 96 ; 
Init = [ 0 1 0 1 0 0 1 1 1 1 1 1 1 1 1 1 1 1 0 0 ]
L = [ 11 11 12 18 14 14 12 18 18 8 8 18 18 7 5 5 13 10 8 10 ]
l = [ 11 11 12 18 14 14 12 18 18 8 8 18 18 7 5 5 13 10 8 10 ]
Pmin = [ 171 171 200 291 239 239 178 305 305 120 120 298 298 83 67 67 212 158 146 145 ]
Pmax = [ 213 213 254 387 285 285 232 372 372 149 149 393 393 100 85 85 260 193 161 187 ]
cf = [ 67.6566 67.6566 32.6566 11.0576 57.6176 57.6176 42.3406 52.7224 52.7224 13.867 13.867 56.7387 56.7387 26.3506 69.1754 69.1754 28.7243 59.3379 14.9422 48.1064 ]
c0 = [ 156 156 169 239 200 200 157 250 250 125 125 250 250 89 74 74 184 152 138 135 ]
cp = [ 21.647 21.647 23.8976 14.3154 15.5476 15.5476 27.6731 14.4312 14.4312 32.2637 32.2637 12.2231 12.2231 35.3929 35.9386 35.9386 24.807 30.7252 28.979 30.2984 ]
D = [ 476 644 823 888 1053 1192 1319 1562 1642 1897 1924 2032 2180 2325 2523 2616 2823 2932 3076 3201 3386 3594 3739 3809 3932 3852 3635 3558 3281 3064 2913 2813 2618 2500 2319 2470 2496 2795 2869 3002 3238 2966 2662 2500 2227 1975 1760 1374 1239 1270 1447 1490 1653 1754 1867 1988 2112 2126 2227 2407 2415 2515 2744 2726 2923 2960 3201 3199 3355 3509 3483 3636 3822 3555 3389 3328 3076 2909 2767 2529 2460 2214 2084 2281 2413 2674 2884 3206 3374 3061 2767 2493 2173 1825 1600 1194 ]
