n = 20 ; 
T = 96 ; 
Init = [ 1 1 0 1 0 1 1 1 0 1 1 1 1 0 1 0 1 0 1 1 ]
L = [ 8 8 11 14 15 15 15 18 18 16 16 13 15 15 8 8 20 6 8 19 ]
l = [ 8 8 11 14 15 15 15 18 18 16 16 13 15 15 8 8 20 6 8 19 ]
Pmin = [ 131 131 166 232 256 256 229 304 304 257 257 203 250 250 105 105 315 73 121 315 ]
Pmax = [ 137 137 218 296 321 321 305 384 384 330 330 271 295 295 135 135 420 81 141 418 ]
cf = [ 28.262 28.262 29.2671 38.5649 61.0077 61.0077 23.282 37.0287 37.0287 50.5382 50.5382 40.9016 65.2023 65.2023 20.3979 20.3979 64.6194 52.1765 22.0849 52.9654 ]
c0 = [ 132 132 141 207 215 215 200 250 250 212 212 171 212 212 102 102 250 81 116 250 ]
cp = [ 28.8568 28.8568 28.1808 31.2036 28.1265 28.1265 21.2886 17.4891 17.4891 27.799 27.799 29.0785 18.213 18.213 33.7219 33.7219 10.1948 27.4407 38.4346 10.995 ]
D = [ 694 886 1186 1220 1450 1494 1771 1807 2077 2228 2342 2459 2652 2933 3126 3179 3401 3555 3711 3833 4051 4159 4399 4391 4632 4467 4210 3998 3835 3514 3289 2987 2894 2609 2377 2628 2896 3056 3378 3558 3905 3587 3128 2913 2517 2089 1765 1430 1159 1297 1483 1540 1646 1847 1967 2176 2180 2421 2566 2708 2746 2894 3057 3205 3427 3523 3770 3823 4003 4183 4186 4482 4486 4332 4172 3827 3644 3450 3267 2936 2736 2595 2375 2592 2764 2973 3255 3484 3792 3360 3070 2951 2524 2254 1942 1791 ]
