n = 20 ; 
T = 96 ; 
Init = [ 0 1 1 0 1 1 1 0 0 1 1 0 0 0 0 0 0 1 1 1 ]
L = [ 16 8 18 5 16 19 8 16 7 12 10 15 13 15 11 17 18 16 13 12 ]
l = [ 16 8 18 5 16 19 8 16 7 12 10 15 13 15 11 17 18 16 13 12 ]
Pmin = [ 278 128 312 78 277 315 102 246 108 182 167 245 241 246 175 286 305 253 237 206 ]
Pmax = [ 354 157 410 86 341 407 132 324 119 242 186 317 284 293 233 362 400 329 282 240 ]
cf = [ 41.8394 12.2118 41.7207 38.5379 67.4032 43.6024 69.0156 13.6501 55.3782 60.0029 68.4332 50.8634 62.6432 31.0345 29.8161 11.4745 50.1483 53.4534 16.8595 25.6573 ]
c0 = [ 243 114 250 91 226 250 102 201 112 153 156 199 204 217 157 231 250 216 197 177 ]
cp = [ 18.7306 34.2668 16.6849 38.2933 21.7147 18.3659 24.3752 13.563 32.7454 27.7836 31.5764 18.2503 22.3809 26.6958 30.7884 12.9499 9.21726 15.5399 21.9278 26.2235 ]
D = [ 948 983 1148 1290 1454 1647 1839 1907 1992 2173 2335 2547 2607 2793 2936 3011 3224 3310 3423 3738 3821 3874 4111 4204 4343 4287 3951 3782 3622 3453 3385 3251 2971 2719 2582 2905 3081 3168 3413 3733 3855 3573 3210 2907 2462 2097 1927 1550 1100 1250 1436 1519 1711 1903 2001 2198 2292 2431 2727 2744 2921 3129 3320 3377 3626 3726 3903 4004 4080 4291 4489 4538 4713 4516 4326 4076 4009 3670 3463 3211 3076 2906 2589 2856 2885 3079 3191 3369 3553 3375 2984 2760 2438 2089 1976 1550 ]
