n = 20 ; 
T = 96 ; 
Init = [ 0 0 0 0 0 1 0 1 0 1 1 0 0 1 0 1 0 0 1 0 ]
L = [ 13 7 14 17 9 10 16 5 15 10 9 13 10 13 15 18 14 18 14 12 ]
l = [ 13 7 14 17 9 10 16 5 15 10 9 13 10 13 15 18 14 18 14 12 ]
Pmin = [ 218 80 240 293 154 177 247 80 227 163 129 203 162 214 249 307 226 314 218 205 ]
Pmax = [ 287 105 293 356 182 212 327 84 299 212 168 268 194 258 322 390 282 405 280 249 ]
cf = [ 46.4624 46.5915 33.6633 18.3745 26.4109 49.2201 48.7683 56.7768 8.9568 65.0535 32.4398 20.1747 43.9696 29.331 24.4994 32.6558 67.1142 12.2069 46.272 36.2939 ]
c0 = [ 183 92 216 235 150 162 217 82 197 145 136 181 146 190 212 250 191 250 190 177 ]
cp = [ 17.4385 41.0542 15.7656 19.3202 25.1568 35.5004 10.7819 41.0677 17.8613 24.9576 37.1552 20.7357 29.9309 24.065 22.0431 17.8031 17.8157 13.76 20.5403 14.9525 ]
D = [ 673 861 986 1044 1236 1521 1631 1824 1879 2134 2160 2475 2537 2779 2758 2990 3133 3266 3570 3669 3787 3925 4128 4271 4321 4138 4104 3839 3553 3458 3293 3056 2802 2606 2462 2619 2736 2920 3114 3321 3413 3183 2873 2577 2241 1946 1534 1376 941 1209 1267 1368 1610 1603 1809 1964 1992 2160 2261 2483 2515 2789 2953 2994 3095 3291 3439 3620 3626 3787 3943 4154 4214 4000 3872 3649 3529 3165 2971 2801 2569 2489 2285 2574 2766 2856 3166 3441 3565 3329 2989 2689 2401 2090 1887 1565 ]
