n = 20 ; 
T = 96 ; 
Init = [ 0 0 1 1 0 1 1 0 0 0 0 0 1 1 1 0 1 1 0 1 ]
L = [ 6 6 9 9 13 13 5 11 20 11 11 13 13 15 15 11 13 13 18 16 ]
l = [ 6 6 9 9 13 13 5 11 20 11 11 13 13 15 15 11 13 13 18 16 ]
Pmin = [ 84 70 130 130 203 203 59 183 315 196 196 203 203 249 249 188 194 194 315 272 ]
Pmax = [ 84 87 145 145 254 254 59 216 413 229 229 252 252 318 318 236 256 256 399 339 ]
cf = [ 12.5843 11.9396 26.3618 26.3618 56.6634 56.6634 48.7366 36.3511 44.0386 62.292 62.292 53.9426 53.9426 20.9862 20.9862 17.0848 30.127 30.127 49.107 36.853 ]
c0 = [ 94 80 121 121 173 173 78 163 250 175 175 170 170 218 218 165 180 180 250 220 ]
cp = [ 37.06 41.2895 36.6339 36.6339 22.2601 22.2601 40.5959 23.4153 9.3728 33.6883 33.6883 18.8462 18.8462 27.9143 27.9143 25.9087 27.95 27.95 10.3233 20.4512 ]
D = [ 716 940 995 1247 1290 1440 1663 1704 1894 2027 2046 2203 2357 2599 2733 2796 2855 3024 3140 3338 3532 3607 3725 3942 4000 3805 3669 3494 3217 3059 2827 2673 2432 2294 2086 2294 2541 2617 2905 3036 3284 3032 2760 2429 2286 2014 1786 1395 1164 1437 1423 1610 1762 1760 2031 2038 2164 2296 2422 2599 2709 2863 2934 3113 3201 3223 3470 3552 3547 3709 3893 4035 4041 3928 3752 3434 3239 3133 2930 2637 2512 2175 2122 2272 2403 2744 2955 3093 3274 3006 2716 2404 2170 2004 1751 1314 ]
