n = 20 ; 
T = 96 ; 
Init = [ 0 0 1 1 0 0 0 0 1 0 1 0 0 0 1 0 1 1 0 1 ]
L = [ 4 17 17 14 14 10 17 13 13 13 6 10 18 10 11 14 5 5 19 19 ]
l = [ 4 17 17 14 14 10 17 13 13 13 6 10 18 10 11 14 5 5 19 19 ]
Pmin = [ 46 267 267 250 250 169 258 221 228 228 96 142 295 152 154 242 69 69 315 315 ]
Pmax = [ 48 356 356 308 308 199 344 268 274 274 96 165 372 168 205 283 70 70 420 420 ]
cf = [ 24.1099 47.4524 47.4524 32.7845 32.7845 23.7129 20.62 67.896 31.0837 31.0837 44.4532 8.80534 34.6326 69.4385 17.4566 42.8517 44.2068 44.2068 29.3756 29.3756 ]
c0 = [ 56 218 218 216 216 147 225 189 191 191 96 145 250 141 139 218 73 73 250 250 ]
cp = [ 39.4498 13.0759 13.0759 22.3225 22.3225 27.2557 10.4588 21.6765 17.4022 17.4022 41.354 30.0497 15.7884 37.2417 21.5013 21.5998 39.3878 39.3878 10.9328 10.9328 ]
D = [ 624 795 868 1185 1181 1368 1478 1726 1870 1954 2009 2291 2451 2545 2723 2775 2970 3180 3306 3322 3489 3611 3744 4014 4150 3828 3678 3594 3301 3183 2877 2768 2495 2305 2186 2330 2563 2791 2857 3092 3261 2951 2670 2384 2210 1965 1588 1283 1064 1082 1252 1456 1515 1609 1711 1842 2005 2189 2238 2402 2475 2662 2688 2801 3050 3124 3218 3441 3518 3611 3760 3877 4060 3889 3630 3404 3269 3143 2970 2680 2631 2505 2295 2376 2598 2927 3015 3277 3482 3190 2820 2669 2258 1974 1812 1526 ]
