n = 20 ; 
T = 96 ; 
Init = [ 1 0 0 1 0 1 1 1 0 1 0 0 1 0 0 0 0 1 1 0 ]
L = [ 13 11 14 18 13 10 20 4 17 16 12 17 9 19 19 17 8 12 16 11 ]
l = [ 13 11 14 18 13 10 20 4 17 16 12 17 9 19 19 17 8 12 16 11 ]
Pmin = [ 210 188 211 309 218 154 315 53 292 286 201 304 134 315 315 302 139 194 263 154 ]
Pmax = [ 244 219 262 404 282 170 420 53 359 350 243 376 174 407 413 371 152 245 337 199 ]
cf = [ 47.9778 12.6144 45.2861 56.8375 56.2402 25.2431 43.5455 45.6896 46.5962 63.3423 56.4873 33.7357 67.4466 39.3048 18.5925 10.1564 57.9704 60.5572 54.8204 35.0316 ]
c0 = [ 191 158 189 250 181 138 250 74 247 248 183 250 132 250 250 250 123 180 222 151 ]
cp = [ 23.044 29.3904 26.1913 11.8164 24.5126 33.4822 8.1097 40.6886 15.7775 16.7366 16.3385 22.1871 30.1467 9.3617 9.19021 12.5996 24.4037 31.1037 20.5924 31.536 ]
D = [ 950 1020 1298 1393 1589 1739 1791 2080 2127 2218 2505 2660 2811 2895 3053 3260 3321 3614 3723 3901 4124 4205 4332 4563 4626 4535 4254 4122 3919 3724 3455 3244 2962 2813 2540 2952 3029 3305 3639 3817 4026 3726 3350 3211 2838 2462 2163 1904 1567 1708 1854 1939 2213 2221 2307 2591 2744 2824 3029 3028 3250 3416 3463 3721 3771 3967 3984 4257 4390 4371 4584 4653 4860 4771 4557 4166 3941 3864 3575 3394 3109 3038 2803 2845 3045 3371 3558 3563 3830 3560 3113 2730 2488 2160 1897 1566 ]
