n = 20 ; 
T = 96 ; 
Init = [ 1 1 1 1 0 1 1 1 1 1 0 1 1 0 1 1 0 0 0 0 ]
L = [ 8 12 8 8 18 18 13 19 19 14 5 9 13 9 17 17 20 16 16 6 ]
l = [ 8 12 8 8 18 18 13 19 19 14 5 9 13 9 17 17 20 16 16 6 ]
Pmin = [ 124 188 126 126 314 314 240 315 315 232 70 142 233 150 310 310 315 236 236 61 ]
Pmax = [ 127 224 139 139 385 385 292 406 406 274 78 171 274 189 381 381 420 313 313 76 ]
cf = [ 18.8877 64.4588 61.9412 61.9412 25.8859 25.8859 67.3378 69.7416 69.7416 30.7417 41.7083 34.7195 12.4445 12.1334 29.5983 29.5983 44.0857 38.6887 38.6887 59.7992 ]
c0 = [ 130 168 121 121 250 250 206 250 250 189 82 136 210 139 250 250 250 196 196 72 ]
cp = [ 34.7668 31.2889 28.7339 28.7339 18.8615 18.8615 20.0019 15.9726 15.9726 22.0036 39.9369 28.0813 28.1176 31.2423 20.085 20.085 9.62863 11.7727 11.7727 37.4985 ]
D = [ 861 1021 1226 1351 1383 1674 1826 1803 2086 2124 2231 2522 2635 2777 2848 3089 3230 3356 3444 3568 3760 3902 3998 4166 4268 4197 3861 3683 3612 3319 3132 2907 2825 2500 2453 2466 2694 3060 3103 3469 3528 3205 2991 2689 2362 2073 1669 1338 1080 1112 1272 1469 1563 1746 1875 2075 2272 2376 2497 2767 2827 2952 3046 3264 3424 3677 3747 3904 4064 4154 4303 4494 4698 4476 4318 4023 3767 3666 3424 3086 3065 2832 2541 2639 2812 3071 3218 3438 3452 3321 3018 2692 2338 2176 1918 1574 ]
