n = 20 ; 
T = 96 ; 
Init = [ 1 1 0 1 0 1 1 1 1 0 0 0 0 1 0 0 1 1 1 0 ]
L = [ 7 11 11 13 10 12 12 17 14 14 8 8 11 11 4 4 11 11 9 17 ]
l = [ 7 11 11 13 10 12 12 17 14 14 8 8 11 11 4 4 11 11 9 17 ]
Pmin = [ 85 195 195 226 167 207 207 286 245 245 98 98 176 176 39 39 193 193 170 301 ]
Pmax = [ 96 239 239 262 192 256 256 372 297 297 124 124 214 214 39 39 224 224 193 394 ]
cf = [ 66.8289 19.2248 19.2248 8.69574 14.2465 30.7004 30.7004 39.5715 12.3406 12.3406 64.5495 64.5495 69.1289 69.1289 11.0781 11.0781 55.9644 55.9644 54.5993 49.238 ]
c0 = [ 98 175 175 203 156 185 185 245 209 209 92 92 163 163 51 51 170 170 146 250 ]
cp = [ 37.2168 18.3408 18.3408 21.2635 28.8338 38.5866 38.5866 11.1299 30.3709 30.3709 25.4071 25.4071 35.2157 35.2157 39.7159 39.7159 22.76 22.76 35.8216 12.3919 ]
D = [ 473 595 719 805 888 989 1193 1314 1388 1606 1768 1864 2015 2150 2257 2420 2511 2615 2765 2845 3079 3204 3290 3461 3498 3396 3286 3144 2940 2770 2699 2460 2279 2202 2072 2130 2308 2382 2584 2704 2710 2566 2275 2079 1783 1623 1304 1121 798 946 1047 1172 1213 1329 1406 1588 1636 1786 1790 1918 2095 2181 2202 2324 2482 2648 2646 2750 2872 2919 3128 3180 3308 3195 3073 2915 2813 2697 2476 2340 2268 2199 2084 2230 2298 2437 2661 2828 3013 2760 2573 2299 2028 1758 1657 1440 ]
