n = 20 ; 
T = 96 ; 
Init = [ 0 1 1 1 0 0 1 1 1 0 0 1 1 1 1 1 0 1 1 1 ]
L = [ 6 6 13 13 16 12 12 7 7 16 16 17 17 13 15 15 6 6 19 19 ]
l = [ 6 6 13 13 16 12 12 7 7 16 16 17 17 13 15 15 6 6 19 19 ]
Pmin = [ 71 95 216 216 285 209 209 115 115 294 294 284 284 227 253 253 82 82 315 315 ]
Pmax = [ 94 105 261 261 348 241 241 127 127 365 365 377 377 263 316 316 107 107 420 420 ]
cf = [ 68.9493 27.3602 26.291 26.291 16.2197 52.6761 52.6761 46.5073 46.5073 14.5459 14.5459 56.4676 56.4676 56.9129 8.309 8.309 36.8397 36.8397 27.1886 27.1886 ]
c0 = [ 83 104 189 189 243 188 188 113 113 244 244 242 242 207 220 220 93 93 250 250 ]
cp = [ 36.0442 35.4341 20.5508 20.5508 25.0286 27.5471 27.5471 33.6113 33.6113 19.1987 19.1987 22.3855 22.3855 34.3 23.2366 23.2366 38.2543 38.2543 18.3006 18.3006 ]
D = [ 506 746 963 1063 1263 1411 1528 1601 1745 2025 2209 2334 2516 2635 2763 2988 3002 3293 3405 3477 3764 3769 4037 4125 4266 4061 3949 3677 3599 3488 3141 3095 2876 2589 2488 2645 2876 2876 3143 3170 3486 3159 2919 2639 2275 2006 1795 1482 1198 1339 1517 1615 1634 1722 1923 2013 2128 2273 2518 2528 2753 2812 2901 3168 3149 3307 3546 3670 3673 3910 3947 4152 4263 4146 3798 3620 3576 3309 3196 2953 2699 2636 2362 2588 2881 3076 3263 3543 3756 3368 3030 2841 2576 2200 1956 1736 ]
