n = 20 ; 
T = 96 ; 
Init = [ 1 0 0 1 1 0 0 0 1 0 1 0 1 1 0 1 1 0 1 1 ]
L = [ 14 17 17 15 15 8 15 15 5 11 11 11 7 7 11 11 16 11 11 10 ]
l = [ 14 17 17 15 15 8 15 15 5 11 11 11 7 7 11 11 16 11 11 10 ]
Pmin = [ 245 294 294 278 278 101 275 275 41 202 198 198 105 105 193 193 266 190 190 150 ]
Pmax = [ 300 370 370 340 340 134 332 332 53 233 236 236 139 139 225 225 331 226 226 189 ]
cf = [ 34.3684 61.1944 61.1944 46.6738 46.6738 52.744 26.2576 26.2576 49.5107 64.5349 19.4783 19.4783 51.126 51.126 64.1332 64.1332 67.5773 21.7225 21.7225 16.4433 ]
c0 = [ 211 240 240 234 234 110 223 223 67 171 178 178 118 118 163 163 217 173 173 144 ]
cp = [ 24.9078 18.6201 18.6201 13.6439 13.6439 36.3143 15.8593 15.8593 41.2297 22.3492 22.4868 22.4868 32.2978 32.2978 20.2947 20.2947 16.7957 21.6231 21.6231 22.3849 ]
D = [ 630 770 970 1027 1289 1428 1579 1734 1832 2000 2262 2243 2455 2586 2844 2910 3050 3358 3409 3611 3830 3929 4139 4152 4385 4105 3925 3728 3439 3263 3046 2899 2522 2347 2100 2475 2747 2958 3147 3359 3581 3348 3042 2792 2533 2143 1986 1710 1347 1415 1560 1711 1819 1987 2070 2037 2209 2365 2359 2577 2706 2832 2894 2990 3061 3092 3350 3472 3479 3586 3731 3816 3865 3739 3590 3381 3307 3079 2832 2679 2596 2388 2280 2417 2673 2944 3126 3448 3584 3298 3006 2625 2358 2021 1813 1511 ]
