n = 20 ; 
T = 96 ; 
Init = [ 0 0 0 1 0 0 1 0 1 0 1 0 1 0 0 0 1 0 0 1 ]
L = [ 9 10 10 15 17 17 4 4 9 9 8 19 11 11 19 19 12 18 18 10 ]
l = [ 9 10 10 15 17 17 4 4 9 9 8 19 11 11 19 19 12 18 18 10 ]
Pmin = [ 145 160 160 224 301 301 48 48 128 128 117 315 176 176 306 306 201 299 299 162 ]
Pmax = [ 175 175 175 296 365 365 53 53 153 153 134 416 207 207 391 391 248 389 389 198 ]
cf = [ 18.2049 18.9058 18.9058 40.2058 46.3487 46.3487 61.2251 61.2251 26.485 26.485 48.3613 58.5494 41.439 41.439 33.4446 33.4446 61.8087 68.258 68.258 12.901 ]
c0 = [ 135 151 151 192 243 243 70 70 132 132 107 250 166 166 245 245 168 245 245 138 ]
cp = [ 33.9746 34.535 34.535 18.4582 15.8889 15.8889 40.2341 40.2341 38.3475 38.3475 32.487 18.738 30.1455 30.1455 12.804 12.804 17.0883 15.9599 15.9599 28.3737 ]
D = [ 578 768 805 958 1138 1280 1415 1597 1800 1953 1997 2100 2315 2389 2624 2636 2790 3044 3077 3261 3494 3647 3710 3783 3942 3807 3627 3475 3316 3158 2855 2677 2568 2340 2173 2476 2621 2820 2982 3189 3399 3151 2826 2435 2119 1888 1547 1244 921 1061 1238 1358 1496 1517 1655 1814 1890 2026 2253 2279 2427 2580 2736 2707 2828 2995 3161 3332 3293 3547 3699 3727 3939 3623 3547 3326 3227 3061 2881 2741 2597 2294 2155 2373 2495 2718 2975 3054 3295 3036 2758 2402 2178 1937 1614 1392 ]
