n = 20 ; 
T = 96 ; 
Init = [ 1 1 1 0 1 0 0 0 1 0 1 0 1 0 1 0 1 1 0 0 ]
L = [ 20 8 10 12 14 12 14 18 12 14 11 17 8 7 16 7 10 16 20 8 ]
l = [ 20 8 10 12 14 12 14 18 12 14 11 17 8 7 16 7 10 16 20 8 ]
Pmin = [ 315 133 146 178 228 191 223 315 188 238 162 297 133 99 262 94 124 254 315 113 ]
Pmax = [ 420 141 186 234 281 235 268 400 247 281 208 364 158 115 347 94 164 333 415 128 ]
cf = [ 35.31 59.8752 27.8885 66.4772 22.1283 32.2938 61.9229 24.8703 40.3599 31.7198 62.0402 63.6092 22.2761 55.3176 22.2404 53.3616 36.1307 46.1048 21.7873 23.2582 ]
c0 = [ 250 135 146 157 197 174 191 250 174 205 155 250 127 113 230 89 120 217 250 114 ]
cp = [ 8.0809 32.3167 24.0701 17.5762 25.0031 19.1276 24.8668 13.7582 32.9907 20.1599 26.5113 10.2733 24.6952 38.8323 22.8364 37.9081 23.5158 12.042 8.10973 25.9159 ]
D = [ 595 710 824 970 1099 1377 1509 1527 1711 1956 2028 2242 2390 2537 2613 2735 2971 3052 3237 3386 3553 3646 3928 4125 4146 4105 3771 3620 3397 3358 3091 3026 2766 2645 2389 2671 2872 2977 3307 3540 3738 3255 3001 2645 2341 2010 1624 1220 878 1008 1121 1267 1421 1559 1656 1763 1993 2017 2223 2323 2450 2548 2827 2854 3078 3200 3220 3304 3515 3706 3830 3870 4018 3788 3659 3504 3393 3219 2996 2950 2776 2536 2322 2541 2863 2984 3181 3419 3618 3377 3070 2752 2479 2138 1717 1538 ]
