n = 20 ; 
T = 96 ; 
Init = [ 0 1 1 0 0 1 1 0 1 0 0 0 1 0 1 1 1 1 0 0 ]
L = [ 5 5 14 17 17 17 13 13 12 14 14 11 5 5 17 17 11 11 11 18 ]
l = [ 5 5 14 17 17 17 13 13 12 14 14 11 5 5 17 17 11 11 11 18 ]
Pmin = [ 57 57 225 300 300 286 217 217 190 250 250 180 47 47 282 282 186 185 185 303 ]
Pmax = [ 66 66 291 365 365 379 250 250 236 307 307 210 51 51 370 370 210 212 212 386 ]
cf = [ 33.0031 33.0031 20.1731 34.3964 34.3964 60.5448 68.7466 68.7466 61.3258 39.28 39.28 65.3353 18.3491 18.3491 23.0227 23.0227 10.2182 27.1082 27.1082 36.2007 ]
c0 = [ 64 64 188 250 250 234 195 195 179 220 220 172 60 60 233 233 177 166 166 250 ]
cp = [ 39.8688 39.8688 22.893 19.7568 19.7568 21.1778 22.7392 22.7392 21.455 37.083 37.083 22.7123 40.2855 40.2855 14.6026 14.6026 26.0785 37.2648 37.2648 10.4055 ]
D = [ 837 934 998 1104 1382 1505 1581 1639 1804 1955 2037 2180 2450 2425 2614 2715 2835 3074 3201 3340 3393 3642 3648 3860 3890 3876 3577 3386 3214 3079 2855 2662 2490 2380 2159 2296 2522 2773 2835 3092 3178 2931 2759 2359 2136 1837 1586 1350 1057 1254 1220 1420 1496 1631 1836 1956 2046 2237 2362 2337 2485 2579 2793 2841 3009 3129 3275 3467 3502 3700 3756 3944 3979 3759 3714 3453 3271 3038 2904 2816 2473 2363 2168 2314 2571 2629 2953 2992 3299 3005 2641 2352 2210 1936 1570 1289 ]
