n = 20 ; 
T = 96 ; 
Init = [ 0 0 0 1 0 1 0 0 0 1 0 0 1 1 1 0 1 0 1 1 ]
L = [ 18 14 14 11 15 4 9 15 17 14 15 17 20 10 13 17 15 19 15 16 ]
l = [ 18 14 14 11 15 4 9 15 17 14 15 17 20 10 13 17 15 19 15 16 ]
Pmin = [ 315 258 244 174 246 58 129 232 315 239 239 286 315 176 229 290 239 315 224 281 ]
Pmax = [ 406 311 299 210 294 58 161 307 391 290 302 364 420 198 284 352 291 420 290 349 ]
cf = [ 22.8901 27.3874 31.3913 67.6639 22.3612 65.4662 58.7071 65.8075 14.3069 8.0183 43.4758 66.1033 49.1088 41.8904 47.4603 10.9335 40.2285 50.0821 47.2838 24.8656 ]
c0 = [ 250 222 219 162 208 83 114 202 250 198 216 244 250 162 193 250 197 250 203 246 ]
cp = [ 11.5543 16.2059 28.389 25.2399 17.7617 41.4161 34.6712 12.4431 17.5891 22.2303 20.1373 12.036 8.07997 30.4526 28.136 16.3127 25.2127 10.8919 15.9466 13.6374 ]
D = [ 990 1275 1377 1632 1782 1890 1988 2377 2500 2726 2731 3006 3209 3239 3555 3735 3891 4064 4184 4314 4507 4721 4955 4959 5163 4904 4850 4587 4182 4104 3708 3519 3328 3083 2752 2980 3336 3373 3592 3897 3985 3755 3434 3269 2895 2493 2334 1941 1672 1777 1843 2104 2172 2438 2534 2540 2649 2795 3073 3176 3231 3533 3565 3674 3769 3901 4117 4281 4391 4519 4608 4839 4884 4748 4521 4297 4023 3711 3612 3484 3141 2973 2747 3057 3294 3525 3928 4139 4380 4064 3603 3347 2974 2632 2127 1937 ]
