n = 20 ; 
T = 96 ; 
Init = [ 1 0 1 0 0 0 0 0 1 1 0 1 0 0 1 0 0 0 1 1 ]
L = [ 17 16 7 10 9 10 18 15 14 11 11 6 10 17 10 14 9 15 6 15 ]
l = [ 17 16 7 10 9 10 18 15 14 11 11 6 10 17 10 14 9 15 6 15 ]
Pmin = [ 283 262 107 166 110 165 301 270 244 177 177 86 163 283 145 229 118 249 72 238 ]
Pmax = [ 376 316 108 198 143 192 383 339 305 213 234 103 195 359 183 273 153 317 72 290 ]
cf = [ 22.7044 53.0192 41.0116 57.9999 19.0754 55.77 45.7855 24.8656 14.8879 26.4849 66.5222 55.0738 54.413 31.7708 54.9348 49.5541 17.8459 63.1524 52.6548 57.1801 ]
c0 = [ 240 221 107 163 120 157 243 218 212 153 153 96 139 228 130 190 122 217 86 199 ]
cp = [ 13.0562 21.7958 37.9604 29.8727 38.8614 30.5282 12.7603 23.424 25.0465 32.8367 34.2798 33.8486 25.6101 20.6735 34.917 20.64 29.7193 22.1697 38.8687 11.5067 ]
D = [ 510 567 781 868 1094 1238 1323 1458 1569 1700 1902 1940 2044 2188 2373 2509 2589 2742 2877 3069 3286 3406 3510 3678 3769 3601 3536 3311 3239 2940 2859 2744 2540 2361 2371 2425 2597 2899 3125 3271 3393 3188 2913 2506 2308 1906 1673 1418 1129 1269 1383 1367 1590 1625 1684 1930 2031 2123 2138 2382 2457 2503 2723 2728 2805 2974 3079 3250 3270 3442 3540 3633 3871 3568 3480 3337 3134 3041 2769 2632 2566 2295 2203 2401 2555 2739 2894 3037 3199 2972 2612 2452 2158 1905 1462 1306 ]
