n = 20 ; 
T = 96 ; 
Init = [ 0 1 1 0 1 1 0 1 0 1 1 0 0 0 0 0 1 0 1 1 ]
L = [ 10 10 16 8 8 16 10 10 13 13 5 18 18 6 6 7 7 16 16 18 ]
l = [ 10 10 16 8 8 16 10 10 13 13 5 18 18 6 6 7 7 16 16 18 ]
Pmin = [ 123 123 269 113 113 264 149 149 195 195 49 315 315 69 69 90 90 268 268 303 ]
Pmax = [ 163 163 345 147 147 322 196 196 252 252 49 408 408 82 82 115 115 355 355 393 ]
cf = [ 30.9908 30.9908 36.0796 38.6682 38.6682 68.1104 65.1314 65.1314 62.7738 62.7738 16.3184 53.4536 53.4536 33.4659 33.4659 21.3594 21.3594 54.3097 54.3097 32.2883 ]
c0 = [ 131 131 234 116 116 218 143 143 177 177 66 250 250 87 87 96 96 231 231 250 ]
cp = [ 30.4038 30.4038 18.835 28.4816 28.4816 16.1843 37.6092 37.6092 24.4875 24.4875 41.5834 13.7698 13.7698 39.0416 39.0416 37.757 37.757 18.9218 18.9218 9.74797 ]
D = [ 629 752 843 1046 1195 1259 1487 1483 1720 1860 1849 2079 2097 2348 2361 2513 2685 2805 2900 3130 3123 3230 3354 3520 3710 3582 3413 3262 3033 2816 2613 2583 2364 2125 2007 2129 2313 2450 2607 2736 2887 2693 2548 2211 1977 1719 1574 1386 1154 1301 1342 1470 1614 1671 1735 1829 2015 2050 2257 2370 2454 2630 2610 2844 2860 2983 3050 3265 3305 3428 3637 3645 3850 3656 3516 3330 3115 2970 2815 2577 2467 2242 2185 2291 2524 2768 2856 2997 3330 3063 2755 2443 2241 1967 1612 1313 ]
