n = 20 ; 
T = 96 ; 
Init = [ 1 0 1 0 1 0 0 1 1 1 0 0 0 1 1 1 0 1 0 1 ]
L = [ 10 10 12 12 8 6 6 18 13 6 12 13 13 7 12 12 10 12 5 5 ]
l = [ 10 10 12 12 8 6 6 18 13 6 12 13 13 7 12 12 10 12 5 5 ]
Pmin = [ 173 173 188 188 104 86 86 315 215 66 201 231 231 127 205 205 156 198 58 58 ]
Pmax = [ 195 195 236 236 118 98 98 420 276 80 240 279 279 129 253 253 185 247 58 58 ]
cf = [ 48.2445 48.2445 38.5193 38.5193 40.149 12.5268 12.5268 9.64537 37.5262 38.7066 34.899 50.8672 50.8672 19.4372 50.8261 50.8261 39.0253 42.0645 45.493 45.493 ]
c0 = [ 164 164 165 165 116 95 95 250 197 68 170 192 192 118 179 179 134 179 82 82 ]
cp = [ 34.9646 34.9646 14.4452 14.4452 37.7066 38.4431 38.4431 10.8112 22.6834 33.1001 26.4751 31.6352 31.6352 28.5365 25.8563 25.8563 28.5119 22.9218 40.9829 40.9829 ]
D = [ 465 605 690 872 920 1001 1138 1306 1390 1465 1626 1633 1710 1863 2045 2053 2135 2291 2446 2536 2622 2688 2784 2959 3095 2951 2716 2556 2500 2325 2153 2113 1974 1782 1678 1753 1948 2006 2143 2318 2486 2215 2107 1923 1700 1528 1387 1141 942 1016 1201 1207 1323 1486 1571 1648 1635 1817 1891 1963 2036 2192 2325 2322 2481 2515 2685 2764 2880 2917 2963 3098 3184 3084 2916 2730 2700 2441 2317 2207 2069 1896 1839 1973 1978 2162 2280 2319 2451 2229 2065 1855 1555 1431 1265 1031 ]
