n = 20 ; 
T = 96 ; 
Init = [ 0 1 0 1 0 0 0 0 1 1 0 0 0 0 1 1 0 0 0 1 ]
L = [ 9 5 12 7 16 6 14 6 18 10 12 8 13 9 15 14 5 14 14 9 ]
l = [ 9 5 12 7 16 6 14 6 18 10 12 8 13 9 15 14 5 14 14 9 ]
Pmin = [ 139 94 184 101 280 55 217 69 302 149 199 129 220 128 263 236 65 245 228 126 ]
Pmax = [ 153 94 227 114 334 72 275 69 377 183 244 132 279 138 336 277 65 297 295 156 ]
cf = [ 26.6583 21.9913 47.5134 49.4353 11.2688 7.76623 45.8898 68.4159 55.9054 59.4466 24.8328 45.5959 46.106 16.7627 34.91 39.1761 65.8152 54.5362 51.2242 15.9257 ]
c0 = [ 139 105 173 111 244 76 185 74 245 133 177 114 183 113 224 194 67 219 201 126 ]
cp = [ 22.0067 30.1094 14.973 38.0623 19.0295 36.3294 13.3941 39.6334 12.4885 26.5387 33.7714 30.6519 25.6573 26.2888 12.1741 22.7211 40.8541 23.5698 17.6113 39.5096 ]
D = [ 765 792 913 1058 1204 1320 1414 1399 1576 1674 1719 1887 1926 2024 2162 2210 2375 2414 2612 2708 2789 2848 3007 3061 3262 3095 2881 2734 2700 2476 2355 2235 2084 1982 1754 1937 2136 2338 2403 2527 2724 2491 2291 2035 1796 1482 1321 995 773 972 1009 1201 1176 1354 1502 1542 1739 1756 1935 2020 2098 2159 2294 2424 2549 2657 2835 2815 2963 3124 3254 3327 3416 3340 3154 2999 2828 2630 2455 2395 2136 2038 1911 1989 2131 2363 2522 2602 2891 2583 2402 2124 1917 1761 1504 1312 ]
