n = 20 ; 
T = 96 ; 
Init = [ 0 0 1 0 0 1 1 0 1 0 0 0 0 1 0 0 1 1 1 0 ]
L = [ 9 10 10 5 5 5 5 12 12 15 15 5 5 14 19 19 8 8 19 7 ]
l = [ 9 10 10 5 5 5 5 12 12 15 15 5 5 14 19 19 8 8 19 7 ]
Pmin = [ 150 163 163 50 50 55 55 193 193 253 253 56 56 230 315 315 82 82 315 87 ]
Pmax = [ 189 211 211 53 53 55 55 238 238 315 315 56 56 289 418 418 108 108 416 109 ]
cf = [ 53.8875 32.2582 32.2582 35.8493 35.8493 45.1278 45.1278 37.3941 37.3941 53.9387 53.9387 20.8049 20.8049 12.2248 43.7839 43.7839 17.2072 17.2072 14.7913 33.6702 ]
c0 = [ 147 148 148 67 67 77 77 181 181 212 212 68 68 202 250 250 90 90 250 96 ]
cp = [ 37.0581 24.9514 24.9514 36.4092 36.4092 38.201 38.201 29.4568 29.4568 20.4425 20.4425 41.6693 41.6693 13.8691 12.5832 12.5832 36.7943 36.7943 21.8655 24.8102 ]
D = [ 333 559 663 788 851 917 1108 1262 1336 1408 1546 1656 1794 1913 2094 2173 2286 2369 2469 2588 2759 2898 2941 3060 3283 3069 2889 2732 2597 2538 2385 2156 2065 1896 1674 1847 2086 2256 2325 2520 2783 2490 2296 2057 1904 1632 1494 1195 1016 1057 1183 1325 1339 1460 1479 1585 1706 1788 1815 1919 2072 2104 2139 2294 2368 2430 2541 2534 2615 2701 2894 2917 3078 2826 2675 2674 2477 2284 2220 2003 1908 1747 1587 1872 2058 2142 2310 2533 2616 2465 2167 2057 1715 1508 1329 1117 ]
