n = 20 ; 
T = 96 ; 
Init = [ 1 1 0 1 0 1 1 0 1 1 0 1 1 1 1 1 1 0 1 1 ]
L = [ 16 16 15 15 15 15 15 9 15 9 9 4 11 11 19 19 6 9 9 9 ]
l = [ 16 16 15 15 15 15 15 9 15 9 9 4 11 11 19 19 6 9 9 9 ]
Pmin = [ 269 269 249 249 251 237 237 104 246 126 126 48 195 195 315 315 89 144 144 143 ]
Pmax = [ 335 335 316 316 319 292 292 136 316 160 160 48 231 231 420 400 89 181 181 177 ]
cf = [ 69.3696 69.3696 14.8205 14.8205 44.8627 24.1508 24.1508 37.1801 48.9551 42.8687 42.8687 20.2088 32.2082 32.2082 28.003 61.3908 68.6817 26.0435 26.0435 66.6744 ]
c0 = [ 229 229 223 223 205 204 204 116 219 114 114 70 173 173 250 250 86 143 143 139 ]
cp = [ 26.6609 26.6609 23.7464 23.7464 16.7457 18.582 18.582 32.399 16.9992 32.6499 32.6499 40.2911 20.2354 20.2354 10.8278 14.478 35.5841 33.071 33.071 28.8318 ]
D = [ 422 688 853 879 1045 1260 1347 1538 1659 1867 2095 2250 2441 2604 2612 2791 3049 3079 3316 3511 3633 3829 3955 4033 4296 3950 3789 3545 3422 3154 3095 2845 2686 2454 2253 2359 2621 2966 3106 3332 3548 3222 2908 2622 2302 2020 1756 1357 1135 1216 1419 1489 1614 1778 1750 1993 2122 2229 2338 2440 2551 2716 2668 2894 2968 3097 3128 3362 3484 3535 3756 3721 3995 3654 3589 3336 3302 3099 2827 2707 2469 2284 2119 2410 2432 2642 2879 3094 3115 2945 2746 2542 2240 2058 1783 1620 ]
