n = 20 ; 
T = 96 ; 
Init = [ 1 0 0 1 0 0 1 1 1 1 1 1 1 0 1 0 0 1 0 0 ]
L = [ 16 16 19 17 16 16 18 13 13 6 4 9 16 17 5 7 8 11 9 7 ]
l = [ 16 16 19 17 16 16 18 13 13 6 4 9 16 17 5 7 8 11 9 7 ]
Pmin = [ 270 284 315 278 249 281 287 218 182 69 48 139 256 295 51 102 110 168 132 121 ]
Pmax = [ 344 352 402 341 314 338 364 266 241 72 48 169 338 358 51 128 126 201 175 135 ]
cf = [ 42.3017 43.8242 27.4946 48.7141 38.0065 60.1012 62.4639 69.7303 33.1928 64.2443 48.4126 12.3045 40.6283 48.9539 68.6132 20.9144 52.1675 61.7554 22.4534 19.4556 ]
c0 = [ 231 241 250 242 216 226 249 179 163 79 76 140 209 250 69 106 119 143 119 128 ]
cp = [ 12.6864 20.903 9.6523 15.2863 18.5841 15.2301 11.5602 33.7907 19.5214 38.771 41.9202 27.7656 15.9888 10.4647 40.7127 40.5223 34.4393 27.8745 36.3124 38.4575 ]
D = [ 592 774 768 1018 1040 1170 1355 1555 1640 1884 1880 2027 2277 2293 2513 2675 2822 2941 3007 3177 3351 3459 3541 3742 3916 3675 3578 3427 3158 2942 2758 2570 2397 2244 2168 2227 2413 2558 2853 2987 3063 2941 2632 2369 1951 1724 1485 1250 907 996 1102 1364 1358 1489 1658 1787 1910 2068 2200 2346 2430 2624 2786 2842 2987 3111 3246 3374 3469 3621 3784 3932 4124 3853 3729 3585 3390 3162 2957 2783 2688 2458 2241 2517 2618 2772 2871 3139 3146 2989 2666 2366 2099 1807 1607 1354 ]
