n = 20 ; 
T = 96 ; 
Init = [ 1 1 1 0 0 1 1 0 1 1 0 0 1 0 0 0 1 1 1 1 ]
L = [ 9 9 16 16 10 4 4 12 20 20 15 4 4 13 5 5 7 7 15 9 ]
l = [ 9 9 16 16 10 4 4 12 20 20 15 4 4 13 5 5 7 7 15 9 ]
Pmin = [ 126 126 261 261 141 47 47 198 315 315 232 71 71 191 46 46 72 72 264 124 ]
Pmax = [ 145 145 332 332 185 47 47 245 420 420 308 71 71 242 46 46 93 93 322 156 ]
cf = [ 31.2734 31.2734 61.5759 61.5759 8.3219 15.1535 15.1535 14.0094 23.8617 54.88 56.4612 37.1903 37.1903 56.1961 27.9193 27.9193 57.9008 57.9008 57.612 68.3179 ]
c0 = [ 118 118 211 211 136 58 58 172 250 250 208 90 90 168 55 55 81 81 230 113 ]
cp = [ 13.4424 13.4424 19.1655 19.1655 23.8718 41.9305 41.9305 23.97 8.2512 8.74697 20.5794 39.3359 39.3359 16.0036 39.8113 39.8113 31.4766 31.4766 29.0864 33.8022 ]
D = [ 561 671 737 876 1017 1035 1099 1304 1342 1421 1624 1683 1828 1900 1919 2104 2116 2332 2383 2417 2637 2713 2730 2837 3023 2782 2745 2624 2409 2252 2112 2076 1927 1752 1619 1787 1941 2050 2187 2277 2497 2254 2088 1870 1597 1348 1214 985 799 827 1009 1102 1231 1296 1313 1424 1622 1741 1841 1869 1995 2123 2165 2260 2385 2511 2552 2642 2810 2841 2999 3126 3230 2977 2921 2658 2584 2452 2186 2072 1869 1818 1564 1854 1965 2092 2260 2468 2615 2382 2252 2023 1818 1495 1262 1082 ]
