n = 20 ; 
T = 96 ; 
Init = [ 1 0 0 1 0 1 0 0 0 1 0 1 0 0 0 0 0 0 1 0 ]
L = [ 14 6 7 5 6 5 19 10 15 11 9 4 6 6 13 6 14 12 9 4 ]
l = [ 14 6 7 5 6 5 19 10 15 11 9 4 6 6 13 6 14 12 9 4 ]
Pmin = [ 241 94 116 45 61 63 314 161 270 187 135 48 110 100 204 83 224 193 159 32 ]
Pmax = [ 303 94 125 55 78 83 407 210 329 223 179 48 110 100 239 104 272 219 177 32 ]
cf = [ 30.8004 55.9402 54.6371 27.0597 55.9262 42.8872 36.4267 34.6525 39.8048 27.6164 52.0384 16.2472 11.853 27.6154 37.9861 30.0918 66.3647 50.5754 60.1594 55.7931 ]
c0 = [ 210 104 118 60 70 79 250 147 235 172 132 61 112 100 178 94 193 176 152 46 ]
cp = [ 17.2613 33.0042 35.4239 39.9815 38.1546 39.141 13.2056 31.7732 24.4512 29.5167 34.5936 40.5519 30.6889 34.133 23.4651 31.2152 20.4624 30.0219 26.6668 41.8025 ]
D = [ 427 538 596 694 808 916 1038 1081 1187 1376 1473 1554 1612 1705 1797 1951 1971 2114 2259 2310 2472 2484 2602 2735 2764 2641 2499 2419 2249 2094 1998 1908 1765 1626 1534 1680 1826 1913 2001 2153 2330 2177 1955 1734 1455 1225 1057 819 569 658 797 838 919 992 1117 1177 1287 1338 1507 1612 1705 1758 1868 1907 2025 2026 2219 2280 2393 2458 2456 2552 2665 2550 2466 2344 2156 2042 1924 1800 1689 1624 1456 1590 1765 1887 1995 2075 2281 2044 1836 1741 1591 1407 1145 1028 ]
