n = 20 ; 
T = 96 ; 
Init = [ 1 0 1 0 0 0 0 1 0 1 0 0 1 0 1 1 0 1 0 0 ]
L = [ 9 6 6 15 15 6 18 8 15 13 11 11 13 13 7 8 12 12 19 9 ]
l = [ 9 6 6 15 15 6 18 8 15 13 11 11 13 13 7 8 12 12 19 9 ]
Pmin = [ 124 90 90 246 246 71 313 118 249 224 191 191 214 214 90 131 202 202 315 143 ]
Pmax = [ 165 111 111 304 304 92 388 145 295 278 228 228 265 265 109 140 250 250 420 181 ]
cf = [ 63.8547 42.645 42.645 26.4794 26.4794 31.6923 63.1093 42.1349 13.5887 9.34077 57.7953 57.7953 40.0524 40.0524 9.5696 46.781 69.4424 69.4424 38.9947 30.0879 ]
c0 = [ 128 95 95 210 210 87 250 115 208 195 168 168 194 194 104 124 168 168 250 134 ]
cp = [ 36.7351 35.1671 35.1671 17.8639 17.8639 34.7781 12.4795 33.427 20.487 20.2231 33.1806 33.1806 20.2073 20.2073 31.5139 28.3741 20.471 20.471 20.5804 31.443 ]
D = [ 544 687 896 998 1118 1189 1369 1434 1627 1821 1968 1941 2225 2196 2460 2534 2590 2787 2919 3061 3234 3340 3435 3560 3682 3581 3439 3285 3044 2868 2795 2583 2421 2264 2024 2219 2532 2709 2840 3052 3295 2969 2716 2475 2156 1874 1577 1350 1086 1292 1347 1375 1601 1665 1778 1827 1982 2045 2259 2255 2406 2447 2555 2681 2814 2932 3098 3177 3313 3345 3542 3668 3675 3480 3393 3271 2969 2819 2652 2537 2321 2266 2070 2287 2339 2463 2621 2883 2963 2689 2466 2215 2039 1816 1583 1433 ]
