n = 20 ; 
T = 96 ; 
Init = [ 0 1 1 0 0 0 1 1 0 0 0 1 0 0 1 0 0 1 1 1 ]
L = [ 15 14 10 19 10 8 7 17 5 14 11 4 12 5 13 17 8 6 8 5 ]
l = [ 15 14 10 19 10 8 7 17 5 14 11 4 12 5 13 17 8 6 8 5 ]
Pmin = [ 247 212 165 315 185 145 100 280 58 224 176 47 198 56 189 312 124 89 118 56 ]
Pmax = [ 293 277 195 408 206 156 108 363 58 280 222 47 231 74 241 388 131 89 124 71 ]
cf = [ 44.7432 19.2726 27.9432 33.95 19.9611 43.4725 15.1314 11.1819 32.867 68.1318 16.3263 30.1988 28.1605 43.4419 46.2199 47.3056 20.3127 57.2046 38.8117 23.6823 ]
c0 = [ 221 183 150 250 161 139 96 243 63 194 160 75 179 64 168 250 112 87 125 73 ]
cp = [ 22.9598 20.9032 23.702 10.9495 26.1383 28.9733 28.8489 23.1807 35.4903 16.6129 31.6857 41.9819 21.1459 36.7754 13.9708 16.8293 35.9015 39.8623 25.7729 40.3124 ]
D = [ 487 582 671 866 928 1121 1171 1317 1388 1593 1708 1832 1831 2079 2110 2331 2320 2524 2598 2763 2832 3051 3155 3164 3342 3125 2991 2851 2660 2480 2384 2123 2060 1790 1746 1796 1912 2112 2330 2397 2540 2382 2083 1877 1704 1458 1211 1048 753 888 929 1065 1232 1298 1410 1422 1558 1718 1832 1865 2006 2022 2166 2217 2302 2507 2554 2703 2830 2893 2948 3050 3088 2968 2894 2768 2610 2542 2301 2230 2057 1900 1867 1905 2141 2264 2357 2489 2674 2402 2229 1934 1722 1594 1252 1027 ]
