n = 20 ; 
T = 96 ; 
Init = [ 0 0 0 0 0 0 1 0 0 0 1 1 0 1 0 0 1 0 1 0 ]
L = [ 12 18 7 13 5 15 17 10 6 7 15 18 7 18 15 15 17 11 6 7 ]
l = [ 12 18 7 13 5 15 17 10 6 7 15 18 7 18 15 15 17 11 6 7 ]
Pmin = [ 171 305 109 233 86 223 298 159 105 80 250 303 100 307 243 270 304 160 75 102 ]
Pmax = [ 223 388 110 275 86 290 371 207 108 106 312 366 109 380 302 339 370 209 92 112 ]
cf = [ 61.4102 48.2854 40.675 35.3673 32.542 11.225 67.7679 26.7935 16.7915 17.4795 64.7212 57.9352 41.0809 45.2209 51.8833 34.253 31.5372 37.3733 64.2458 41.6941 ]
c0 = [ 159 250 114 210 102 200 250 146 100 91 218 248 94 250 201 239 250 155 76 107 ]
cp = [ 37.3007 12.3669 35.4171 15.4289 34.4918 22.3947 12.012 29.873 33.026 20.064 15.8604 20.3399 37.7159 21.3087 19.3121 16.0466 12.4722 28.3879 32.7655 27.7386 ]
D = [ 400 561 830 962 995 1169 1352 1524 1501 1670 1834 1927 2078 2302 2368 2521 2702 2748 3029 3047 3287 3344 3529 3610 3742 3568 3449 3371 3242 3006 2925 2600 2562 2437 2280 2449 2496 2696 2898 2959 3191 2855 2658 2340 2266 1997 1693 1487 1210 1418 1520 1573 1645 1827 1909 2079 2163 2253 2368 2486 2578 2708 2894 3034 3038 3132 3351 3429 3562 3697 3761 3860 3927 3721 3571 3414 3292 3118 2781 2613 2534 2360 2132 2394 2496 2793 2936 3183 3283 2967 2758 2549 2251 1939 1758 1524 ]
