n = 20 ; 
T = 96 ; 
Init = [ 1 0 0 0 1 1 0 1 1 1 1 1 0 0 0 1 0 0 1 0 ]
L = [ 19 16 5 4 15 6 15 18 8 14 12 5 17 4 5 5 15 14 5 17 ]
l = [ 19 16 5 4 15 6 15 18 8 14 12 5 17 4 5 5 15 14 5 17 ]
Pmin = [ 315 268 93 49 265 103 246 315 134 256 205 59 275 53 85 69 245 233 60 300 ]
Pmax = [ 409 332 93 60 320 103 314 394 155 303 251 59 365 54 88 69 321 297 60 369 ]
cf = [ 11.2905 27.5614 56.9712 14.1339 54.4098 33.4451 69.8286 62.9336 55.2961 48.2708 49.6023 13.2361 25.9195 36.9591 58.1688 43.2473 15.2736 14.1053 47.3662 25.3325 ]
c0 = [ 250 230 105 71 219 109 206 250 121 214 183 75 242 69 98 87 209 193 79 241 ]
cp = [ 9.95795 15.0074 40.5106 40.7439 14.0227 36.507 19.9455 14.6059 33.7301 23.722 19.3701 39.9452 19.0962 39.5536 39.8945 39.1734 21.3898 22.4665 34.3176 12.0278 ]
D = [ 603 659 786 995 1155 1171 1380 1421 1512 1773 1756 1953 2146 2272 2290 2465 2594 2680 2887 2884 3024 3194 3280 3416 3510 3413 3287 3061 2907 2704 2533 2360 2249 2081 1992 2112 2353 2546 2743 2950 3119 2897 2578 2378 2156 1890 1581 1363 1170 1229 1355 1374 1471 1694 1723 1779 1835 2014 2122 2173 2265 2460 2557 2648 2685 2794 2861 2919 3113 3063 3303 3314 3358 3240 3125 2961 2901 2740 2638 2438 2402 2172 2057 2297 2470 2565 2767 2902 2920 2737 2429 2208 1965 1660 1436 1135 ]
