n = 20 ; 
T = 96 ; 
Init = [ 1 0 0 0 0 1 1 1 1 0 0 0 0 1 1 1 1 0 0 1 ]
L = [ 7 5 16 16 16 16 16 7 7 13 13 19 19 8 8 10 8 8 14 5 ]
l = [ 7 5 16 16 16 16 16 7 7 13 13 19 19 8 8 10 8 8 14 5 ]
Pmin = [ 86 44 265 265 280 280 278 111 111 229 229 306 306 118 116 141 131 131 217 89 ]
Pmax = [ 89 53 339 339 339 339 338 138 138 290 290 404 404 142 154 169 155 155 286 89 ]
cf = [ 61.1215 55.3059 51.9213 51.9213 66.1217 66.1217 49.4518 54.819 54.819 22.6883 22.6883 35.8051 35.8051 55.1797 61.4159 68.44 47.6474 47.6474 54.1066 35.7411 ]
c0 = [ 102 70 224 224 232 232 234 110 110 198 198 250 250 128 109 127 129 129 186 97 ]
cp = [ 38.0681 36.1519 12.184 12.184 24.8823 24.8823 26.2391 38.377 38.377 26.4775 26.4775 9.2683 9.2683 38.5377 34.6851 22.0911 38.3176 38.3176 21.316 36.3181 ]
D = [ 812 815 937 1153 1230 1339 1494 1555 1656 1849 1865 2150 2256 2308 2475 2598 2669 2780 2921 3112 3146 3331 3461 3591 3640 3544 3379 3195 3036 2968 2848 2607 2590 2300 2154 2393 2562 2749 2929 3076 3165 2987 2706 2359 2111 1875 1529 1400 1093 1143 1352 1383 1580 1578 1762 1864 2054 2140 2198 2241 2493 2462 2685 2796 2956 2997 3040 3285 3308 3436 3526 3576 3791 3571 3532 3238 3051 2942 2816 2672 2499 2300 2075 2312 2495 2667 2724 2984 3130 2895 2678 2388 2179 1902 1610 1449 ]
