n = 20 ; 
T = 96 ; 
Init = [ 1 1 0 0 1 0 1 1 0 1 1 1 1 0 1 1 1 0 0 1 ]
L = [ 7 15 15 12 16 6 15 19 4 14 16 12 18 5 17 18 8 5 18 10 ]
l = [ 7 15 15 12 16 6 15 19 4 14 16 12 18 5 17 18 8 5 18 10 ]
Pmin = [ 83 250 265 194 261 76 257 315 58 240 257 183 304 58 290 306 135 48 315 150 ]
Pmax = [ 102 309 321 233 341 82 322 420 58 282 339 244 399 58 376 376 148 48 395 190 ]
cf = [ 61.4412 33.3554 29.2036 8.90063 63.8314 45.1764 59.1852 51.2897 27.9664 42.2669 66.8056 23.1671 10.401 61.0225 49.9549 14.3798 29.4877 39.9855 54.246 62.4562 ]
c0 = [ 100 213 233 171 212 86 226 250 73 210 213 169 248 63 240 250 130 74 250 136 ]
cp = [ 34.2793 15.9013 24.7446 19.783 21.6939 38.0453 10.4332 11.7635 41.6786 22.931 15.3911 28.5559 13.6108 37.4608 18.9599 15.6221 26.6849 41.0482 12.4815 30.1527 ]
D = [ 649 799 884 1081 1127 1398 1506 1654 1728 1961 2086 2290 2380 2481 2617 2749 2922 3115 3209 3346 3506 3680 3862 4053 4084 3942 3846 3494 3460 3159 2915 2861 2561 2437 2245 2407 2600 2747 2907 3024 3254 2947 2677 2590 2234 1950 1659 1511 1189 1372 1489 1604 1704 1852 1947 1943 2047 2285 2365 2543 2603 2661 2849 2873 3093 3216 3287 3459 3570 3628 3703 3789 4000 3719 3540 3381 3198 3046 3008 2771 2687 2467 2230 2514 2710 2835 3186 3372 3621 3260 3016 2719 2487 2132 1929 1617 ]
