n = 20 ; 
T = 96 ; 
Init = [ 0 1 1 1 1 1 1 1 1 1 1 0 1 1 1 1 0 0 0 0 ]
L = [ 14 9 10 7 13 17 16 12 17 15 16 7 17 17 13 11 6 11 11 16 ]
l = [ 14 9 10 7 13 17 16 12 17 15 16 7 17 17 13 11 6 11 11 16 ]
Pmin = [ 232 155 161 78 215 315 273 197 267 244 265 111 300 297 218 178 97 187 172 299 ]
Pmax = [ 276 185 199 102 256 389 333 240 345 307 319 131 388 366 270 204 103 224 222 362 ]
cf = [ 32.078 12.0044 24.1802 51.4644 59.597 55.8138 40.889 38.5176 33.1491 54.1725 32.1022 15.6247 12.8531 10.2149 58.3335 47.8672 31.6035 54.4243 15.162 46.9379 ]
c0 = [ 205 140 152 91 189 250 240 174 220 205 222 102 250 250 182 163 103 176 150 250 ]
cp = [ 18.8994 38.0178 23.6705 40.2173 21.122 10.4789 15.7762 37.1054 14.875 18.5679 21.9034 40.2145 13.4701 20.4319 24.151 17.1934 38.2759 25.7157 22.3555 16.1534 ]
D = [ 579 690 920 1069 1238 1392 1458 1758 1950 2099 2231 2412 2515 2639 2804 2971 3221 3335 3494 3736 3804 4125 4124 4455 4461 4370 4208 3923 3674 3554 3344 3006 2828 2681 2517 2544 2781 2913 3071 3332 3444 3297 2914 2691 2499 2112 1888 1586 1243 1467 1635 1768 1849 1945 2042 2216 2315 2481 2690 2854 2876 3120 3142 3304 3329 3620 3709 3864 3857 4000 4242 4319 4517 4214 3992 3908 3654 3555 3282 3101 2900 2662 2482 2825 2952 3139 3330 3616 3837 3365 3136 2700 2339 2001 1787 1320 ]
