n = 20 ; 
T = 96 ; 
Init = [ 0 0 0 0 1 0 1 0 1 0 0 0 1 1 0 1 1 0 1 0 ]
L = [ 13 13 9 9 6 6 8 8 10 12 12 12 10 6 6 13 13 17 19 19 ]
l = [ 13 13 9 9 6 6 8 8 10 12 12 12 10 6 6 13 13 17 19 19 ]
Pmin = [ 219 219 131 131 92 92 118 120 182 214 214 172 154 83 83 224 224 289 315 315 ]
Pmax = [ 268 268 154 154 96 96 154 137 210 257 257 223 188 92 92 258 258 349 420 420 ]
cf = [ 47.3443 47.3443 11.3043 11.3043 25.5566 25.5566 33.6751 65.2765 54.3651 35.8048 35.8048 40.5435 16.0986 49.6299 49.6299 24.9012 24.9012 21.9327 35.8241 35.8241 ]
c0 = [ 182 182 132 132 108 108 107 118 168 192 192 161 149 98 98 193 193 239 250 250 ]
cp = [ 29.7279 29.7279 32.2644 32.2644 30.9346 30.9346 35.9968 36.5015 33.706 35.929 35.929 23.2575 26.336 35.7425 35.7425 21.4264 21.4264 10.1399 9.4406 9.4406 ]
D = [ 736 784 907 1096 1131 1304 1376 1479 1687 1780 1804 1985 2031 2224 2344 2474 2605 2560 2725 2824 2946 3058 3156 3287 3346 3342 3068 2904 2737 2637 2479 2356 2192 2046 1842 2075 2148 2378 2601 2613 2824 2543 2366 2096 1896 1569 1317 1136 800 871 989 1143 1252 1360 1502 1665 1770 1944 1940 2053 2178 2402 2426 2620 2747 2778 2864 2963 3228 3297 3449 3483 3554 3501 3343 3192 3040 2818 2721 2457 2346 2251 2025 2191 2215 2457 2512 2683 2824 2549 2348 1973 1804 1511 1371 1056 ]
