n = 20 ; 
T = 96 ; 
Init = [ 0 0 0 0 0 0 0 1 0 1 0 1 1 0 1 0 0 1 1 0 ]
L = [ 10 16 15 18 16 16 13 16 14 5 14 13 13 6 14 12 4 14 16 12 ]
l = [ 10 16 15 18 16 16 13 16 14 5 14 13 13 6 14 12 4 14 16 12 ]
Pmin = [ 182 330 286 357 328 287 244 314 295 58 256 225 254 84 275 232 51 263 314 220 ]
Pmax = [ 187 349 298 410 364 336 250 346 319 58 266 253 262 95 283 237 51 299 354 244 ]
cf = [ 47.4416 25.4796 63.6902 43.7591 30.5725 63.4661 37.7331 54.4515 17.9532 61.3692 15.2079 58.6213 23.9453 68.8211 53.685 69.9689 62.1699 28.1378 19.2207 22.614 ]
c0 = [ 151 241 223 250 247 224 190 227 218 63 205 166 190 93 207 187 72 198 231 175 ]
cp = [ 29.0303 19.7227 16.0379 13.7304 24.099 22.9693 21.1674 10.4488 18.546 32.2425 27.275 16.4905 27.5641 39.5117 23.0994 25.6983 40.3781 10.9833 12.4452 22.858 ]
D = [ 842 993 1181 1193 1350 1577 1789 1879 2029 2180 2423 2481 2746 2847 2986 3192 3344 3423 3716 3812 3844 4187 4260 4381 4502 4397 4210 3847 3584 3516 3168 3056 2789 2471 2407 2626 2864 3147 3298 3529 3806 3437 3158 2743 2511 2214 1847 1417 1115 1246 1444 1461 1631 1691 1865 1998 2129 2222 2313 2546 2607 2850 2867 2950 3084 3265 3364 3474 3721 3750 3974 4074 4275 4114 3884 3705 3592 3400 3132 2983 2793 2594 2528 2758 2870 3034 3269 3577 3706 3409 3133 2893 2517 2322 2037 1666 ]
