n = 20 ; 
T = 96 ; 
Init = [ 1 1 0 0 0 1 1 0 1 0 1 1 1 0 0 1 1 1 0 0 ]
L = [ 15 7 9 5 18 7 8 19 9 5 17 14 9 4 9 18 11 7 5 14 ]
l = [ 15 7 9 5 18 7 8 19 9 5 17 14 9 4 9 18 11 7 5 14 ]
Pmin = [ 278 85 158 49 344 119 146 357 155 53 325 250 162 49 144 345 213 97 90 265 ]
Pmax = [ 304 95 171 49 375 119 146 420 173 53 370 284 170 49 145 380 223 111 90 289 ]
cf = [ 36.5617 25.3425 17.3289 68.8323 42.5703 54.9526 45.4108 22.3425 60.332 11.6742 59.2161 15.478 21.5114 40.3924 64.5666 64.2697 27.612 19.0267 22.2133 41.5576 ]
c0 = [ 205 77 137 68 250 113 119 250 124 57 243 199 130 72 113 242 171 103 99 210 ]
cp = [ 13.2031 36.0587 19.7079 41.4307 9.09791 30.2916 37.7631 11.8937 27.1406 40.9355 13.7374 23.7491 38.7617 39.853 33.5983 20.6107 23.1856 32.2911 32.9516 17.5913 ]
D = [ 470 621 719 815 968 1054 1232 1359 1427 1578 1646 1742 1872 2030 2069 2232 2355 2438 2614 2637 2775 2950 3033 3152 3334 3205 3037 2893 2690 2562 2450 2326 2088 1958 1814 2055 2192 2407 2515 2604 2854 2508 2316 2030 1871 1600 1361 1065 887 948 1091 1163 1197 1336 1346 1536 1559 1729 1822 1855 2022 2053 2210 2290 2416 2503 2532 2703 2701 2835 2950 3069 3065 2904 2882 2718 2559 2501 2319 2127 2037 1903 1833 1941 1966 2215 2275 2373 2555 2280 2127 1904 1711 1477 1240 1078 ]
