n = 20 ; 
T = 96 ; 
Init = [ 1 1 1 1 1 0 1 1 1 1 0 0 1 1 0 0 1 1 0 1 ]
L = [ 10 8 17 12 18 18 6 6 12 9 9 10 4 12 12 16 16 5 5 18 ]
l = [ 10 8 17 12 18 18 6 6 12 9 9 10 4 12 12 16 16 5 5 18 ]
Pmin = [ 183 133 332 191 357 357 99 99 222 145 145 184 79 196 196 299 299 60 60 357 ]
Pmax = [ 183 133 355 219 391 391 99 99 228 149 149 187 79 225 225 318 318 69 69 405 ]
cf = [ 24.1007 27.9671 36.9908 27.6155 50.2272 50.2272 32.5421 32.5421 53.7694 51.6731 51.6731 51.9902 25.9523 27.6172 27.6172 55.2736 55.2736 61.3802 61.3802 13.8565 ]
c0 = [ 138 117 250 152 250 250 99 99 173 127 127 146 74 150 150 221 221 75 75 250 ]
cp = [ 29.6431 25.6449 13.0454 15.1205 12.8474 12.8474 37.2569 37.2569 25.2564 28.1933 28.1933 32.591 41.7796 20.3533 20.3533 18.6003 18.6003 37.5229 37.5229 12.5293 ]
D = [ 646 800 890 1046 1185 1337 1441 1589 1608 1844 1893 2024 2157 2201 2332 2401 2604 2649 2887 2974 3030 3132 3303 3481 3473 3405 3237 2988 2836 2674 2521 2341 2216 2034 1894 1963 2143 2316 2416 2652 2788 2591 2301 2069 1952 1676 1395 1210 1015 1155 1189 1305 1445 1554 1686 1833 1802 1923 2113 2223 2372 2472 2603 2611 2807 2861 3001 3070 3214 3347 3370 3463 3694 3467 3302 3154 2935 2740 2487 2329 2164 1992 1840 2046 2214 2271 2515 2698 2766 2528 2303 2003 1755 1552 1305 990 ]
