n = 20 ; 
T = 96 ; 
Init = [ 0 1 1 1 1 0 0 0 0 1 0 1 0 1 0 1 0 1 1 0 ]
L = [ 18 18 5 8 8 17 15 15 16 15 8 6 6 9 13 13 9 9 15 15 ]
l = [ 18 18 5 8 8 17 15 15 16 15 8 6 6 9 13 13 9 9 15 15 ]
Pmin = [ 345 345 90 118 118 334 304 304 295 277 147 69 69 163 244 244 136 136 275 275 ]
Pmax = [ 380 380 90 134 134 358 327 327 327 310 147 81 81 163 267 267 144 144 303 303 ]
cf = [ 41.0091 41.0091 14.4051 22.3948 22.3948 9.43564 54.6952 54.6952 48.5437 40.0549 48.4099 16.5823 16.5823 31.5566 47.6262 47.6262 62.4381 62.4381 55.2763 55.2763 ]
c0 = [ 250 250 85 96 96 250 218 218 212 202 131 84 84 130 181 181 119 119 198 198 ]
cp = [ 12.3539 12.3539 37.5568 37.7778 37.7778 16.503 23.1359 23.1359 12.5495 19.4991 39.3315 38.307 38.307 36.031 23.1992 23.1992 38.0334 38.0334 25.105 25.105 ]
D = [ 469 654 633 839 992 1180 1332 1413 1452 1569 1772 1965 2059 2115 2392 2526 2625 2772 2888 2972 3108 3266 3330 3475 3604 3563 3329 3143 2993 2913 2739 2665 2467 2308 2137 2412 2422 2553 2775 2861 2976 2864 2434 2276 1917 1800 1473 1249 912 1032 1085 1223 1423 1435 1568 1663 1816 2019 2060 2199 2375 2382 2560 2729 2818 2942 2916 3158 3286 3366 3513 3619 3636 3545 3366 3195 3096 2910 2682 2503 2322 2203 2048 2325 2476 2712 2969 3158 3313 2988 2691 2399 2136 1902 1494 1206 ]
