n = 20 ; 
T = 96 ; 
Init = [ 0 1 1 0 1 0 1 1 1 0 1 0 0 0 1 0 1 0 1 1 ]
L = [ 18 18 15 8 19 6 7 15 16 11 18 17 13 8 19 8 19 16 4 11 ]
l = [ 18 18 15 8 19 6 7 15 16 11 18 17 13 8 19 8 19 16 4 11 ]
Pmin = [ 349 329 296 150 357 112 124 316 293 206 337 357 257 142 357 136 343 324 34 184 ]
Pmax = [ 389 386 319 160 420 112 124 332 339 215 363 394 288 142 420 150 392 345 34 195 ]
cf = [ 54.4997 45.583 63.9332 13.9881 22.6237 58.0128 28.9615 40.5321 53.1307 37.6159 10.1563 21.7167 50.4732 38.123 50.659 50.6881 55.8266 44.9759 65.588 65.5199 ]
c0 = [ 250 236 221 126 250 98 119 229 212 153 246 250 186 114 250 124 250 230 58 159 ]
cp = [ 15.3234 12.532 15.5687 34.0379 10.7971 37.5634 35.3458 22.1618 9.50848 30.0865 11.8843 16.9318 17.0615 25.2512 10.4699 30.067 11.8851 16.3793 37.055 29.5278 ]
D = [ 868 964 1101 1360 1400 1575 1789 2005 2035 2291 2331 2476 2638 2919 3105 3217 3409 3632 3633 3785 4049 4254 4423 4448 4720 4513 4300 3937 3790 3578 3388 3089 3018 2805 2400 2645 2882 3171 3471 3579 3760 3411 3180 2834 2606 2197 2007 1607 1313 1386 1645 1707 1987 2099 2228 2309 2447 2696 2718 2859 3123 3170 3329 3459 3586 3838 3929 4017 4143 4402 4368 4597 4771 4506 4352 4141 3981 3691 3485 3237 3083 2791 2667 2871 3175 3256 3604 3700 3890 3559 3301 3056 2631 2186 1930 1491 ]
