n = 20 ; 
T = 96 ; 
Init = [ 0 1 0 1 1 0 0 1 0 0 0 1 1 0 0 1 0 0 0 1 ]
L = [ 10 10 11 16 16 13 13 14 18 7 7 19 9 9 15 12 12 4 4 10 ]
l = [ 10 10 11 16 16 13 13 14 18 7 7 19 9 9 15 12 12 4 4 10 ]
Pmin = [ 183 183 200 316 316 246 246 261 329 117 117 357 161 161 303 196 196 28 28 209 ]
Pmax = [ 192 192 223 332 332 273 273 270 380 117 117 410 163 163 316 222 222 33 33 213 ]
cf = [ 56.6529 56.6529 60.4917 58.1846 58.1846 44.3924 44.3924 19.7201 25.2316 47.5468 47.5468 43.479 24.9049 24.9049 69.0735 35.1929 35.1929 48.1547 48.1547 40.5156 ]
c0 = [ 146 146 160 224 224 181 181 196 248 113 113 250 128 128 216 167 167 55 55 161 ]
cp = [ 24.9975 24.9975 23.8694 19.6607 19.6607 23.1955 23.1955 26.4206 11.3012 25.3121 25.3121 11.4835 17.7931 17.7931 21.1713 21.3026 21.3026 39.96 39.96 26.4094 ]
D = [ 667 767 981 1032 1268 1345 1395 1641 1713 1890 2072 2158 2230 2402 2602 2626 2872 2943 3110 3185 3309 3491 3615 3807 3844 3607 3529 3258 3109 2993 2824 2646 2498 2248 2151 2291 2497 2666 2757 2901 3116 2812 2627 2336 2071 1791 1391 1240 974 1078 1223 1341 1382 1435 1582 1686 1911 2058 2029 2182 2411 2515 2540 2768 2793 2954 3063 3221 3309 3402 3569 3651 3781 3622 3513 3265 3171 2986 2859 2658 2457 2355 2152 2360 2515 2663 2691 2951 3126 2742 2607 2302 2064 1671 1473 1140 ]
