n = 20 ; 
T = 96 ; 
Init = [ 1 0 0 1 1 1 0 0 1 0 0 0 0 1 0 1 0 1 0 0 ]
L = [ 10 9 10 5 17 8 13 8 19 7 17 8 13 6 13 17 17 7 5 14 ]
l = [ 10 9 10 5 17 8 13 8 19 7 17 8 13 6 13 17 17 7 5 14 ]
Pmin = [ 200 152 216 79 357 162 254 117 357 119 330 129 229 124 252 300 332 122 84 243 ]
Pmax = [ 200 155 218 79 385 162 272 135 420 136 356 129 256 124 262 349 375 122 84 277 ]
cf = [ 59.2924 23.3998 67.1516 17.9244 10.6491 57.4352 23.2744 36.5295 33.1828 58.5321 49.9189 62.3231 46.2241 14.6751 62.8613 28.8777 59.5969 20.8113 62.7996 19.7164 ]
c0 = [ 159 135 169 70 250 140 191 107 250 114 248 110 176 112 183 222 247 114 83 183 ]
cp = [ 23.207 26.4247 24.1372 35.2893 15.91 32.5086 15.2206 28.6785 10.6038 35.4222 13.5046 36.5317 27.0706 38.624 19.0414 15.3402 13.0933 40.6333 38.0225 21.142 ]
D = [ 440 611 735 799 924 1024 1175 1370 1420 1606 1782 1953 2051 2098 2261 2424 2612 2644 2766 3035 3029 3225 3411 3467 3609 3554 3290 3229 3005 2887 2621 2465 2384 2271 2045 2259 2415 2509 2621 2856 3001 2773 2501 2227 1913 1669 1587 1326 1022 1123 1275 1319 1477 1564 1705 1741 1884 2028 2141 2167 2243 2425 2462 2649 2635 2762 2950 2944 3035 3186 3264 3348 3491 3443 3153 3010 2910 2695 2593 2330 2275 2059 1899 2079 2353 2413 2688 2838 2937 2799 2611 2259 2036 1782 1513 1335 ]
