n = 20 ; 
T = 96 ; 
Init = [ 1 0 0 1 0 1 1 1 1 0 0 0 0 0 1 1 0 0 0 1 ]
L = [ 20 13 16 4 4 19 10 13 13 17 13 13 12 4 5 5 11 11 11 16 ]
l = [ 20 13 16 4 4 19 10 13 13 17 13 13 12 4 5 5 11 11 11 16 ]
Pmin = [ 357 261 299 57 57 357 182 232 232 306 244 244 231 35 70 85 184 205 205 300 ]
Pmax = [ 420 278 342 65 65 416 183 261 261 339 263 263 242 35 73 85 197 237 237 334 ]
cf = [ 39.1678 26.8359 23.5379 20.2608 20.2608 56.8589 29.6717 50.4738 50.4738 41.0328 53.1987 53.1987 26.9013 37.8266 35.4839 22.8066 59.8952 15.1288 15.1288 39.3085 ]
c0 = [ 250 208 220 70 70 250 140 169 169 232 185 185 179 51 73 78 152 162 162 226 ]
cp = [ 11.0423 30.3261 10.9661 40.9419 40.9419 13.0085 22.4404 27.6927 27.6927 9.26423 29.4071 29.4071 30.9982 41.6458 27.6813 41.4075 32.8205 32.9621 32.9621 11.243 ]
D = [ 629 791 977 1157 1209 1384 1477 1663 1829 1913 2030 2124 2263 2355 2481 2718 2838 2958 3161 3213 3381 3481 3615 3806 3918 3763 3523 3327 3194 2961 2844 2702 2496 2265 2169 2211 2350 2543 2805 2809 3119 2808 2551 2310 2123 1859 1554 1354 1107 1269 1326 1413 1678 1716 1845 1887 1984 2149 2329 2371 2449 2686 2715 2831 3010 3057 3164 3267 3460 3562 3547 3712 3911 3632 3455 3355 3029 2844 2710 2505 2369 2180 1949 2180 2298 2633 2794 2897 3116 2904 2662 2405 2151 1825 1573 1385 ]
