n = 20 ; 
T = 96 ; 
Init = [ 0 1 0 0 0 1 1 1 1 0 0 0 0 0 0 1 0 1 1 0 ]
L = [ 10 7 19 9 5 10 10 18 5 6 6 12 18 18 18 11 6 14 6 6 ]
l = [ 10 7 19 9 5 10 10 18 5 6 6 12 18 18 18 11 6 14 6 6 ]
Pmin = [ 194 139 342 151 94 162 168 335 80 96 110 211 357 353 334 214 105 282 129 76 ]
Pmax = [ 197 139 400 156 94 172 174 379 80 105 110 241 382 404 367 219 105 300 129 76 ]
cf = [ 45.2321 48.5097 61.5624 42.0136 66.8152 39.9779 30.4367 44.3696 26.4626 28.9089 12.0708 59.8461 20.5603 58.2029 52.2875 12.1095 45.1682 69.41 56.7486 13.0624 ]
c0 = [ 157 128 250 136 99 142 134 250 81 84 108 162 250 250 250 166 94 210 119 83 ]
cp = [ 26.3932 31.0481 12.6689 25.4261 40.0841 35.2748 32.6521 12.3561 33.8548 36.082 34.266 28.9252 19.2589 10.882 19.3395 28.3641 36.2013 28.1768 37.3372 33.6218 ]
D = [ 388 544 711 805 862 1017 1100 1318 1352 1541 1666 1787 1800 1959 2037 2209 2327 2521 2597 2654 2833 2965 3102 3187 3288 3066 3056 2822 2723 2663 2488 2353 2178 2052 1892 2096 2293 2385 2536 2648 2811 2573 2293 2108 1912 1591 1459 1109 903 1039 1061 1240 1347 1422 1637 1665 1852 1913 2053 2096 2284 2322 2409 2537 2725 2772 2909 3102 3111 3305 3390 3473 3624 3478 3281 3071 2908 2768 2640 2479 2210 2147 1900 2094 2308 2326 2589 2727 2847 2602 2440 2099 1933 1594 1421 1179 ]
