n = 20 ; 
T = 96 ; 
Init = [ 1 0 1 1 0 1 1 0 0 0 0 1 1 1 1 1 0 1 1 0 ]
L = [ 5 10 10 15 15 19 15 15 11 11 10 10 6 6 17 17 19 19 14 15 ]
l = [ 5 10 10 15 15 19 15 15 11 11 10 10 6 6 17 17 19 19 14 15 ]
Pmin = [ 44 196 196 311 311 357 288 288 209 209 181 181 93 93 306 306 357 357 275 291 ]
Pmax = [ 44 202 202 342 342 420 336 336 227 227 195 195 102 102 348 348 402 402 315 323 ]
cf = [ 58.1127 67.5577 67.5577 30.5645 30.5645 27.6671 10.2484 10.2484 35.6128 35.6128 47.9751 47.9751 47.9731 47.9731 26.4863 26.4863 44.4058 44.4058 39.0593 43.3847 ]
c0 = [ 53 166 166 237 237 250 226 226 171 171 139 139 86 86 221 221 250 250 209 216 ]
cp = [ 41.3377 18.8144 18.8144 19.1035 19.1035 10.7873 17.0298 17.0298 33.2362 33.2362 29.5985 29.5985 37.7126 37.7126 15.7719 15.7719 10.2427 10.2427 26.0536 31.475 ]
D = [ 658 661 809 1127 1308 1485 1587 1798 1858 2150 2306 2446 2578 2734 2806 2995 3133 3419 3598 3683 3968 3988 4186 4342 4641 4347 4113 3874 3630 3403 3335 2994 2804 2718 2529 2579 2929 3101 3395 3439 3738 3502 3201 2747 2500 2105 1875 1601 1237 1512 1523 1758 1810 1992 2195 2230 2355 2427 2683 2732 2825 3116 3101 3353 3523 3538 3674 3914 3933 4121 4219 4348 4610 4386 4190 3987 3714 3466 3204 3114 2806 2618 2427 2664 2753 3057 3194 3470 3710 3475 3174 2881 2600 2347 1969 1723 ]
