n = 20 ; 
T = 96 ; 
Init = [ 0 0 1 0 0 0 0 0 0 0 1 0 0 1 0 0 0 1 1 1 ]
L = [ 10 11 12 8 7 20 17 14 12 12 4 7 13 5 13 19 12 6 13 16 ]
l = [ 10 11 12 8 7 20 17 14 12 12 4 7 13 5 13 19 12 6 13 16 ]
Pmin = [ 178 187 232 122 102 357 294 274 215 214 38 128 272 62 247 357 203 93 219 293 ]
Pmax = [ 179 211 234 137 115 420 340 307 243 238 38 136 284 62 267 417 219 93 249 332 ]
cf = [ 63.1715 59.0441 32.0095 57.4092 48.0422 68.6471 32.26 16.3935 47.5245 45.6454 36.5916 46.0134 14.7901 42.6574 33.6679 49.3065 64.5216 59.3838 35.4967 31.9404 ]
c0 = [ 156 152 171 115 97 250 218 214 169 175 46 107 195 61 187 250 167 92 172 209 ]
cp = [ 29.0868 37.9577 21.9647 33.6563 31.7664 8.11461 24.4274 28.2108 27.1124 20.8039 41.7151 30.3602 23.9804 40.0095 14.5252 10.3854 31.8336 38.7466 15.9337 25.0439 ]
D = [ 584 834 905 1060 1143 1294 1427 1500 1744 1780 1992 2126 2230 2402 2452 2552 2700 2775 2958 3178 3230 3289 3548 3587 3748 3538 3480 3172 3139 2915 2773 2640 2374 2175 2068 2267 2436 2680 2823 2944 3095 2888 2579 2436 2107 1885 1549 1404 1123 1207 1251 1320 1514 1580 1785 1759 1852 2091 2130 2192 2328 2388 2604 2642 2831 2826 3001 3075 3182 3306 3472 3449 3658 3514 3379 3141 3036 2806 2638 2539 2452 2222 2087 2257 2485 2618 2821 3037 3139 2848 2592 2460 2125 1979 1617 1366 ]
