n = 20 ; 
T = 96 ; 
Init = [ 0 1 0 1 1 1 1 0 0 0 1 1 0 1 0 0 0 1 0 0 ]
L = [ 8 18 7 18 7 12 4 14 9 20 8 8 7 18 4 13 4 10 10 5 ]
l = [ 8 18 7 18 7 12 4 14 9 20 8 8 7 18 4 13 4 10 10 5 ]
Pmin = [ 138 329 85 340 114 228 44 247 133 357 148 135 108 351 63 251 65 167 179 72 ]
Pmax = [ 146 384 98 380 114 261 44 282 153 420 148 135 108 380 63 273 65 192 180 83 ]
cf = [ 53.2191 63.0406 18.2458 21.892 51.5082 16.1427 57.8541 34.2039 22.8927 42.5586 36.3495 39.5624 52.7461 53.4839 65.1763 31.7322 21.7328 63.1669 44.7274 31.0409 ]
c0 = [ 114 236 80 248 107 177 69 183 109 250 116 119 91 248 62 202 67 139 138 74 ]
cp = [ 32.1091 15.4929 33.1314 12.0969 36.1507 19.5651 41.0668 24.0536 21.9228 8.11184 33.9415 39.8314 38.6637 10.3515 41.2111 27.4995 41.4515 37.6971 34.4644 36.3257 ]
D = [ 601 828 793 966 996 1133 1217 1408 1446 1538 1655 1754 1798 1863 2077 2165 2216 2297 2414 2467 2574 2617 2787 2846 2989 2913 2692 2581 2548 2335 2187 2192 1971 1832 1775 1900 2076 2281 2362 2480 2681 2559 2317 2103 1811 1686 1465 1267 1044 1177 1270 1306 1337 1439 1561 1638 1712 1818 1933 1987 2156 2242 2318 2397 2410 2589 2576 2676 2822 2943 2960 3050 3160 3090 2871 2752 2650 2372 2350 2151 2055 1897 1644 1780 1925 2134 2258 2387 2613 2250 2111 1905 1679 1387 1171 1007 ]
