n = 20 ; 
T = 96 ; 
Init = [ 1 1 0 1 1 0 0 1 0 0 0 1 1 1 1 1 0 0 0 0 ]
L = [ 8 8 9 6 19 19 7 12 12 13 13 6 13 16 19 19 5 15 10 11 ]
l = [ 8 8 9 6 19 19 7 12 12 13 13 6 13 16 19 19 5 15 10 11 ]
Pmin = [ 117 117 151 71 357 357 119 212 233 275 275 87 231 316 355 355 76 315 183 194 ]
Pmax = [ 117 117 166 79 410 410 119 239 237 290 290 94 252 341 402 402 78 332 189 213 ]
cf = [ 59.8308 59.8308 34.1712 22.6015 14.8206 14.8206 32.1503 63.4939 38.5602 49.3813 49.3813 15.2186 61.0166 57.0481 36.0667 36.0667 67.8471 67.8859 31.3721 9.80564 ]
c0 = [ 102 102 119 69 250 250 98 167 179 206 206 87 183 230 250 250 89 232 147 162 ]
cp = [ 29.2019 29.2019 36.3957 34.2466 12.0919 12.0919 34.2803 24.5077 22.1637 17.794 17.794 36.3171 23.7558 11.2963 10.5836 10.5836 37.5782 19.4029 22.8602 31.3037 ]
D = [ 622 718 958 1089 1238 1340 1468 1545 1789 1895 2021 2177 2215 2370 2606 2596 2740 2919 2996 3141 3392 3410 3621 3764 3893 3721 3475 3355 3230 3053 2888 2813 2597 2362 2284 2390 2605 2654 2876 3025 3045 2832 2576 2247 2054 1725 1424 1240 902 976 1081 1211 1377 1526 1694 1847 1996 2078 2179 2256 2424 2660 2632 2879 3017 3168 3289 3320 3495 3567 3686 3986 4039 3937 3739 3397 3226 3139 2951 2786 2641 2426 2260 2350 2528 2773 2884 3079 3276 3039 2688 2430 2123 1787 1470 1169 ]
