n = 20 ; 
T = 96 ; 
Init = [ 1 0 1 0 1 0 0 0 1 0 1 0 0 1 1 0 1 1 0 1 ]
L = [ 16 16 11 14 14 7 17 17 6 6 4 4 6 6 14 14 4 6 15 15 ]
l = [ 16 16 11 14 14 7 17 17 6 6 4 4 6 6 14 14 4 6 15 15 ]
Pmin = [ 304 304 212 259 259 108 344 344 107 107 40 40 94 94 280 280 62 113 289 289 ]
Pmax = [ 349 349 229 300 300 117 379 379 112 112 40 40 100 100 302 302 62 113 332 332 ]
cf = [ 30.8709 30.8709 62.5236 26.6292 26.6292 62.2818 32.8519 32.8519 63.4402 63.4402 67.16 67.16 60.2685 60.2685 45.6591 45.6591 56.2748 59.2096 49.9998 49.9998 ]
c0 = [ 218 218 175 206 206 93 250 250 107 107 54 54 95 95 216 216 79 113 227 227 ]
cp = [ 14.1831 14.1831 15.9041 13.2264 13.2264 40.4201 15.3895 15.3895 35.7282 35.7282 41.4717 41.4717 37.0112 37.0112 14.7514 14.7514 40.6193 36.9505 20.818 20.818 ]
D = [ 454 606 724 795 1052 1134 1248 1426 1576 1621 1725 1952 2007 2093 2284 2365 2617 2626 2854 2968 3154 3150 3290 3428 3553 3425 3238 3042 2948 2811 2541 2348 2233 2109 1856 2037 2195 2414 2483 2660 2793 2596 2312 2129 1887 1663 1431 1151 887 964 1206 1322 1385 1444 1638 1736 1858 2030 2027 2197 2289 2468 2638 2632 2723 2913 3042 3176 3323 3351 3483 3648 3684 3643 3410 3260 3003 2880 2700 2555 2389 2174 2026 2156 2392 2511 2779 2859 3032 2885 2565 2260 2014 1745 1474 1200 ]
