n = 20 ; 
T = 96 ; 
Init = [ 0 1 0 1 0 1 1 0 0 1 0 1 1 0 0 1 1 1 0 1 ]
L = [ 9 10 6 9 6 15 19 17 16 13 17 9 17 9 6 9 15 14 19 7 ]
l = [ 9 10 6 9 6 15 19 17 16 13 17 9 17 9 6 9 15 14 19 7 ]
Pmin = [ 160 164 71 156 125 277 357 324 302 242 332 129 336 174 102 164 283 247 357 134 ]
Pmax = [ 171 178 71 173 125 301 420 370 326 277 381 142 386 194 109 185 307 287 420 134 ]
cf = [ 51.5247 37.5432 40.7759 66.098 53.5422 57.2973 15.4581 30.9179 62.5847 10.6677 12.1253 64.0413 46.5848 61.0477 61.5301 17.773 29.5239 44.7705 67.4421 23.7835 ]
c0 = [ 123 137 82 141 112 209 250 246 235 189 241 110 250 152 98 147 214 190 250 112 ]
cp = [ 32.4076 37.2084 37.1736 21.8055 34.5892 22.9812 13.4971 18.3938 15.4367 33.1469 29.3752 26.5039 14.5164 33.0492 40.0517 35.7334 16.8079 14.3424 13.4299 39.1541 ]
D = [ 506 649 888 1029 1120 1181 1401 1634 1704 1815 2011 2093 2265 2324 2497 2701 2764 2905 3058 3164 3306 3515 3654 3840 3933 3811 3675 3464 3214 3011 2980 2728 2525 2410 2156 2436 2592 2769 2958 3043 3188 2993 2759 2496 2219 2016 1633 1459 1264 1313 1352 1584 1671 1855 2012 2071 2217 2296 2508 2533 2715 2849 3033 3033 3180 3453 3422 3635 3755 3904 4103 4101 4310 4081 3802 3569 3392 3171 3078 2769 2649 2466 2260 2516 2624 2864 3050 3357 3547 3134 2835 2578 2352 2109 1723 1514 ]
