n = 20 ; 
T = 96 ; 
Init = [ 0 1 0 1 0 1 0 0 0 1 1 1 0 0 0 0 0 1 0 1 ]
L = [ 20 7 15 19 10 15 19 9 9 18 10 14 10 5 11 4 13 13 13 5 ]
l = [ 20 7 15 19 10 15 19 9 9 18 10 14 10 5 11 4 13 13 13 5 ]
Pmin = [ 357 102 267 357 159 283 357 148 151 326 161 278 203 71 210 71 231 253 240 66 ]
Pmax = [ 420 103 291 420 177 327 420 171 174 378 167 296 215 71 219 71 255 276 266 73 ]
cf = [ 35.2837 26.526 38.7105 10.8858 67.6883 20.0428 69.6099 31.8993 54.3187 32.0594 39.4298 46.9346 64.8793 38.159 38.637 50.9321 60.6483 55.2369 61.6179 18.1051 ]
c0 = [ 250 96 213 250 139 210 250 118 124 250 143 219 159 75 171 79 182 189 191 78 ]
cp = [ 8.03034 35.0161 25.5864 10.7563 28.3106 17.2887 12.7621 33.7981 37.5344 11.3553 23.1413 12.8909 33.0482 37.7593 20.272 41.1779 29.6497 24.639 27.0798 36.4111 ]
D = [ 820 945 1082 1075 1276 1411 1530 1707 1701 1917 2077 2114 2293 2348 2447 2564 2814 2934 3101 3103 3224 3425 3453 3734 3778 3583 3512 3281 3141 3081 2866 2651 2589 2386 2213 2356 2642 2766 2786 2940 3155 2950 2582 2243 1968 1748 1400 1250 845 1000 1093 1257 1319 1508 1685 1839 1965 2079 2149 2225 2318 2554 2589 2829 2934 2971 3100 3282 3407 3478 3666 3678 3858 3726 3517 3395 3270 3112 2866 2826 2700 2425 2251 2563 2678 2882 3050 3169 3364 3005 2776 2467 2046 1728 1537 1273 ]
