n = 20 ; 
T = 96 ; 
Init = [ 1 1 1 0 1 1 1 1 0 0 0 0 0 0 0 1 1 0 0 0 ]
L = [ 18 18 5 5 5 10 10 19 19 13 20 20 9 16 4 13 7 7 4 19 ]
l = [ 18 18 5 5 5 10 10 19 19 13 20 20 9 16 4 13 7 7 4 19 ]
Pmin = [ 334 334 57 57 78 180 180 357 357 267 357 357 146 315 51 257 91 91 72 357 ]
Pmax = [ 366 366 57 57 78 180 180 413 413 282 416 416 170 331 51 266 106 106 72 420 ]
cf = [ 12.0511 12.0511 35.6203 35.6203 53.1453 61.6696 61.6696 63.0536 63.0536 60.0627 66.9092 66.9092 14.0175 11.9694 55.6503 37.4078 43.8044 43.8044 64.2222 66.43 ]
c0 = [ 246 246 59 59 80 142 142 250 250 214 250 250 122 241 55 196 89 89 78 250 ]
cp = [ 13.3547 13.3547 41.6823 41.6823 33.5123 26.5195 26.5195 11.1602 11.1602 18.8673 15.242 15.242 37.5684 13.4294 36.3535 20.4875 25.4088 25.4088 41.3472 11.7251 ]
D = [ 524 601 711 903 1134 1267 1353 1476 1657 1767 1893 2067 2195 2349 2517 2765 2869 3054 3186 3296 3468 3541 3720 3907 3967 3784 3537 3490 3277 3110 2821 2660 2598 2273 2159 2364 2556 2738 2747 2975 3121 2840 2651 2335 2061 1722 1508 1194 969 1138 1155 1412 1520 1674 1730 1855 2078 2157 2231 2314 2464 2573 2676 2837 2957 3118 3254 3366 3438 3705 3818 3825 3979 3903 3564 3445 3292 3127 2809 2613 2490 2235 2169 2249 2591 2678 2929 3194 3406 3138 2719 2488 2201 1932 1735 1441 ]
