n = 20 ; 
T = 96 ; 
Init = [ 0 1 1 0 1 0 1 1 1 1 0 0 1 1 1 0 1 1 0 0 ]
L = [ 18 18 14 15 18 18 13 13 14 15 15 10 9 9 12 9 16 15 12 6 ]
l = [ 18 18 14 15 18 18 13 13 14 15 15 10 9 9 12 9 16 15 12 6 ]
Pmin = [ 352 352 285 273 331 310 251 251 268 270 270 174 170 170 202 125 313 297 209 65 ]
Pmax = [ 399 399 301 320 383 361 276 276 309 313 313 195 187 187 218 145 329 341 237 75 ]
cf = [ 11.1055 11.1055 56.371 35.5685 10.0728 69.6927 49.0578 49.0578 12.681 59.4975 59.4975 59.9071 53.453 53.453 29.545 68.2499 34.8799 63.2333 39.3362 13.1145 ]
c0 = [ 250 250 219 207 245 234 184 184 208 212 212 133 133 133 164 110 223 226 167 65 ]
cp = [ 10.7523 10.7523 20.2637 20.8575 15.852 20.0143 19.4483 19.4483 15.8552 20.3261 20.3261 34.1226 13.5145 13.5145 17.6741 28.519 18.8373 17.1195 21.8548 38.6541 ]
D = [ 680 941 1045 1324 1488 1616 1619 1931 1990 2117 2417 2616 2623 2871 3071 3263 3433 3553 3636 3898 3940 4144 4387 4478 4612 4528 4322 4109 3823 3603 3330 3244 2917 2791 2615 2682 2915 3180 3396 3526 3755 3414 3093 2884 2422 2138 1960 1711 1331 1446 1629 1695 1810 1985 2177 2278 2384 2489 2674 2654 2788 3059 3083 3294 3386 3560 3605 3656 3808 3944 4040 4207 4466 4318 3959 3966 3762 3462 3347 3167 3061 3001 2759 2989 3116 3287 3489 3595 3744 3518 3198 2867 2578 2361 1907 1789 ]
