n = 20 ; 
T = 96 ; 
Init = [ 1 0 0 1 1 1 1 1 0 0 1 0 1 0 0 0 1 1 0 1 ]
L = [ 11 11 4 19 14 6 6 10 10 16 16 16 14 10 9 15 19 15 5 5 ]
l = [ 11 11 4 19 14 6 6 10 10 16 16 16 14 10 9 15 19 15 5 5 ]
Pmin = [ 182 182 61 356 241 105 105 189 189 280 280 288 257 175 170 279 357 300 66 66 ]
Pmax = [ 193 193 61 399 281 105 105 198 198 319 319 330 291 175 188 307 420 333 66 66 ]
cf = [ 53.1226 53.1226 18.2812 68.8157 62.5989 51.3759 51.3759 49.0272 49.0272 64.6157 64.6157 57.4803 40.3335 21.0015 47.1738 39.3699 35.926 62.7273 23.6246 23.6246 ]
c0 = [ 158 158 63 250 191 108 108 152 152 221 221 209 187 142 130 213 250 225 77 77 ]
cp = [ 25.3606 25.3606 39.1843 13.4215 17.7802 30.3802 30.3802 30.0672 30.0672 16.3451 16.3451 25.1973 25.6094 27.9112 27.3164 21.5352 9.04559 16.8238 40.8676 40.8676 ]
D = [ 717 815 914 1103 1196 1388 1457 1624 1783 1836 1973 2127 2220 2339 2612 2655 2842 2930 3129 3221 3372 3433 3518 3805 3927 3683 3524 3334 3164 2970 2831 2591 2528 2189 2171 2224 2431 2505 2592 2825 2985 2669 2351 2229 1899 1722 1345 1070 916 911 1060 1172 1351 1486 1605 1602 1775 1831 1942 2118 2168 2352 2426 2571 2698 2860 2856 3095 3202 3174 3346 3539 3562 3447 3240 3106 2938 2790 2702 2433 2332 2114 2008 2152 2301 2544 2736 2944 3130 2895 2577 2442 2112 1919 1650 1333 ]
