n = 20 ; 
T = 96 ; 
Init = [ 1 1 1 0 0 1 0 1 0 0 1 0 1 0 0 1 1 1 0 0 ]
L = [ 8 12 12 15 15 19 8 6 6 6 10 19 19 20 20 13 8 18 5 5 ]
l = [ 8 12 12 15 15 19 8 6 6 6 10 19 19 20 20 13 8 18 5 5 ]
Pmin = [ 159 236 236 284 284 352 131 88 88 63 190 357 357 357 357 217 136 357 79 79 ]
Pmax = [ 159 252 252 332 332 385 134 95 95 71 200 420 420 420 420 252 152 399 79 79 ]
cf = [ 49.3626 58.0346 58.0346 15.1986 15.1986 47.9571 48.636 30.8842 30.8842 58.2176 21.4762 67.6276 67.6276 49.3669 49.3669 42.9496 55.1315 55.5998 36.7819 36.7819 ]
c0 = [ 140 174 174 223 223 250 117 85 85 61 160 250 250 250 250 168 122 250 80 80 ]
cp = [ 37.4933 16.6328 16.6328 17.7566 17.7566 11.7249 37.3544 36.3005 36.3005 31.8213 28.3415 12.035 12.035 8.2046 8.2046 23.0308 37.9884 11.7588 40.2047 40.2047 ]
D = [ 533 705 841 903 1119 1290 1486 1546 1774 1884 1945 2123 2311 2448 2577 2713 3013 3177 3314 3378 3646 3661 3817 3942 4161 4050 3732 3524 3365 3298 2973 2937 2707 2545 2237 2410 2604 2679 2938 3027 3238 2986 2679 2324 2055 1904 1531 1409 1061 1220 1334 1418 1629 1723 1836 1986 2125 2210 2319 2483 2630 2759 2786 3037 3093 3237 3366 3438 3544 3767 3838 4061 4178 3912 3779 3653 3444 3190 3165 2834 2793 2572 2378 2556 2618 2908 2926 3180 3246 3005 2694 2358 2119 1887 1674 1362 ]
