n = 20 ; 
T = 96 ; 
Init = [ 1 1 1 1 0 0 1 1 1 0 0 1 0 0 1 0 1 1 1 0 ]
L = [ 18 11 11 15 15 8 8 11 11 18 18 5 15 15 15 15 11 11 13 11 ]
l = [ 18 11 11 15 15 8 8 11 11 18 18 5 15 15 15 15 11 11 13 11 ]
Pmin = [ 347 192 192 284 284 114 114 237 237 346 346 72 316 316 283 283 204 204 231 236 ]
Pmax = [ 392 218 218 312 312 129 129 240 240 390 390 72 335 335 318 318 212 212 265 238 ]
cf = [ 20.8376 15.8697 15.8697 48.0493 48.0493 39.4874 39.4874 64.1457 64.1457 68.5827 68.5827 52.3514 63.0068 63.0068 46.8047 46.8047 55.0081 55.0081 20.9658 59.1992 ]
c0 = [ 248 156 156 207 207 99 99 175 175 250 250 68 237 237 215 215 170 170 176 172 ]
cp = [ 17.3882 34.0521 34.0521 23.1912 23.1912 39.6294 39.6294 20.5364 20.5364 10.689 10.689 37.5119 23.7494 23.7494 19.7731 19.7731 24.6835 24.6835 17.0334 37.0369 ]
D = [ 439 616 847 1005 1068 1243 1510 1557 1832 1877 2000 2289 2283 2440 2679 2894 2945 3107 3228 3484 3585 3786 4005 4084 4266 4112 3892 3610 3554 3379 3124 3024 2871 2498 2403 2529 2744 2936 3152 3292 3571 3299 3117 2779 2510 2217 1940 1764 1431 1599 1750 1761 1889 1938 2074 2207 2377 2398 2559 2732 2837 2934 3131 3239 3361 3509 3509 3626 3859 3983 4098 4111 4224 4134 3832 3802 3514 3337 3117 3086 2763 2576 2439 2678 2778 3015 3269 3421 3561 3200 2945 2610 2424 2053 1903 1526 ]
