n = 20 ; 
T = 96 ; 
Init = [ 0 1 1 1 0 0 1 1 0 1 0 0 1 1 1 1 0 1 0 0 ]
L = [ 6 7 17 16 16 4 4 12 4 11 12 12 12 12 10 10 19 18 19 10 ]
l = [ 6 7 17 16 16 4 4 12 4 11 12 12 12 12 10 10 19 18 19 10 ]
Pmin = [ 117 112 329 335 335 74 74 222 66 200 216 216 212 212 192 192 357 357 356 169 ]
Pmax = [ 117 112 358 356 356 74 74 258 66 224 246 246 232 232 192 192 403 398 415 169 ]
cf = [ 18.7161 27.9287 64.3059 18.0819 18.0819 34.2966 34.2966 49.7419 68.4558 35.709 65.3568 65.3568 53.7051 53.7051 30.269 30.269 19.4437 21.8827 35.9416 14.4068 ]
c0 = [ 100 103 234 250 250 70 70 170 80 160 163 163 173 173 165 165 250 250 250 149 ]
cp = [ 39.3264 38.5013 13.6213 17.0197 17.0197 38.7645 38.7645 24.6641 41.3852 23.5854 35.2708 35.2708 24.6282 24.6282 23.1683 23.1683 11.424 10.6648 14.9465 37.6944 ]
D = [ 826 861 991 1158 1318 1365 1562 1575 1721 1792 2021 2037 2331 2299 2568 2658 2734 2802 3071 3185 3194 3339 3525 3562 3692 3621 3521 3230 3168 2935 2892 2706 2556 2347 2203 2409 2613 2689 2956 3182 3205 2984 2852 2451 2246 2087 1824 1571 1260 1370 1464 1523 1682 1804 1949 2023 2078 2185 2256 2422 2533 2639 2666 2855 2884 2967 3181 3240 3270 3506 3611 3733 3786 3630 3530 3286 3119 2939 2850 2733 2560 2460 2299 2304 2520 2696 2843 3010 3016 2920 2596 2400 2133 1904 1620 1451 ]
