n = 20 ; 
T = 96 ; 
Init = [ 1 1 1 0 0 0 1 0 1 1 1 0 0 0 0 1 1 0 1 1 ]
L = [ 9 16 17 7 8 19 15 18 8 14 17 5 7 14 17 20 18 14 13 13 ]
l = [ 9 16 17 7 8 19 15 18 8 14 17 5 7 14 17 20 18 14 13 13 ]
Pmin = [ 157 293 327 89 164 353 268 351 117 260 341 38 84 245 321 357 357 288 247 207 ]
Pmax = [ 179 333 376 97 164 393 307 392 136 270 367 45 96 273 363 420 402 313 268 237 ]
cf = [ 58.9759 37.369 53.5933 62.3956 61.8435 13.1077 46.6055 30.567 52.7914 18.3813 39.4147 46.0676 20.6664 61.1578 56.8565 32.9535 28.3019 28.3044 21.6499 52.2909 ]
c0 = [ 141 210 238 81 129 250 204 250 103 187 250 56 80 181 243 250 250 226 192 169 ]
cp = [ 32.2086 16.9873 15.1338 33.4032 27.041 12.3619 13.2387 17.7839 22.3797 21.5997 19.9008 41.0381 25.1117 24.9888 13.8419 8.38133 8.5254 28.7781 18.0735 21.4369 ]
D = [ 573 887 900 1250 1303 1537 1703 1888 1973 2168 2350 2481 2582 2713 2914 3106 3305 3527 3638 3765 3974 4009 4321 4330 4544 4373 4126 3925 3773 3401 3336 3123 2902 2686 2460 2557 2840 3045 3163 3368 3605 3417 3063 2712 2492 2177 1855 1471 1222 1318 1328 1564 1629 1856 1958 2069 2248 2354 2662 2642 2939 2934 3188 3279 3383 3631 3750 3781 3993 4077 4205 4418 4497 4410 4136 4011 3820 3653 3342 3197 2983 2739 2486 2818 3082 3211 3511 3609 3900 3594 3156 2830 2374 2046 1668 1373 ]
