n = 20 ; 
T = 96 ; 
Init = [ 0 1 0 0 1 0 1 1 1 1 0 1 0 0 0 0 1 0 1 1 ]
L = [ 19 11 18 13 18 14 13 19 10 17 14 17 10 14 14 17 9 6 14 11 ]
l = [ 19 11 18 13 18 14 13 19 10 17 14 17 10 14 14 17 9 6 14 11 ]
Pmin = [ 357 237 334 231 357 269 213 357 185 314 258 350 174 293 279 323 170 83 284 176 ]
Pmax = [ 403 239 383 256 411 313 249 407 190 358 297 384 198 314 293 376 171 91 316 201 ]
cf = [ 25.1539 17.6835 36.0554 36.9897 65.6437 28.1091 42.8993 47.905 39.506 7.65058 57.3071 63.8283 11.642 49.1961 68.5909 13.0214 31.7488 46.6281 54.0592 37.0865 ]
c0 = [ 250 174 250 170 250 209 171 250 140 235 203 250 144 208 220 231 131 95 224 150 ]
cp = [ 10.522 23.3281 13.0551 19.6542 8.9 20.7548 33.5568 13.9256 21.5633 14.4749 13.781 18.8872 27.564 17.3817 27.1459 20.6799 28.8133 35.0342 14.4251 22.2718 ]
D = [ 761 923 1038 1309 1469 1537 1702 1836 2186 2354 2587 2589 2809 3059 3250 3359 3564 3777 3924 4040 4320 4493 4674 4788 4986 4911 4550 4398 4006 3803 3594 3309 3085 3026 2612 3041 3109 3354 3735 3752 3982 3815 3270 2939 2622 2303 1898 1386 1146 1209 1531 1648 1799 1984 2158 2338 2546 2668 2856 3019 3177 3350 3571 3746 3856 4084 4045 4360 4415 4633 4785 4892 5077 4879 4643 4334 4145 3872 3700 3302 3140 2904 2672 2790 3086 3375 3721 3838 4080 3816 3514 3115 2637 2387 1994 1458 ]
