n = 20 ; 
T = 96 ; 
Init = [ 0 1 1 0 1 1 0 1 1 0 1 1 1 0 0 0 0 0 0 1 ]
L = [ 4 18 17 11 11 7 7 7 7 14 16 16 17 8 8 16 16 9 9 9 ]
l = [ 4 18 17 11 11 7 7 7 7 14 16 16 17 8 8 16 16 9 9 9 ]
Pmin = [ 50 324 324 200 200 126 110 110 97 270 336 336 344 142 142 298 298 161 161 176 ]
Pmax = [ 50 375 362 225 225 126 110 110 108 288 361 361 380 149 149 329 329 161 161 176 ]
cf = [ 55.6028 63.3549 44.2892 37.0112 37.0112 61.9415 47.6303 47.6303 50.4489 15.3456 67.4419 67.4419 31.1915 25.9872 25.9872 60.5878 60.5878 65.1684 65.1684 63.9633 ]
c0 = [ 71 241 242 148 148 104 110 110 90 194 248 248 250 111 111 228 228 124 124 143 ]
cp = [ 40.0924 12.7964 13.434 24.2577 24.2577 29.7791 36.3057 36.3057 32.1314 21.1738 16.0268 16.0268 11.1267 27.4737 27.4737 20.0599 20.0599 31.6381 31.6381 35.1282 ]
D = [ 372 622 755 787 919 1155 1305 1292 1477 1609 1827 1809 1948 2074 2193 2402 2514 2725 2780 2889 3091 3186 3246 3516 3595 3403 3174 3138 2937 2713 2596 2470 2367 2086 2027 2114 2294 2611 2721 2956 3109 2822 2592 2268 1977 1736 1492 1183 800 921 1086 1221 1272 1392 1485 1638 1800 1926 1968 2174 2233 2333 2522 2536 2715 2778 2914 3094 3214 3314 3325 3491 3636 3516 3367 3205 3042 2759 2697 2588 2309 2131 2041 2229 2421 2674 2899 2971 3234 2880 2704 2405 2035 1766 1366 1226 ]
