n = 20 ; 
T = 96 ; 
Init = [ 1 0 1 0 0 1 0 0 0 1 0 0 0 0 1 1 0 0 0 0 ]
L = [ 18 18 12 13 17 17 18 18 11 5 9 9 7 18 7 7 11 11 11 11 ]
l = [ 18 18 12 13 17 17 18 18 11 5 9 9 7 18 7 7 11 11 11 11 ]
Pmin = [ 347 347 210 239 322 322 346 346 190 69 182 182 129 357 94 94 181 181 223 223 ]
Pmax = [ 384 384 213 247 374 374 387 387 204 69 182 182 129 394 94 94 204 204 230 230 ]
cf = [ 57.449 57.449 61 19.2349 45.3779 45.3779 36.1679 36.1679 26.9427 12.8171 36.2589 36.2589 60.388 17.634 56.2305 56.2305 58.0445 58.0445 32.8331 32.8331 ]
c0 = [ 250 250 160 182 241 241 250 250 163 84 149 149 118 250 97 97 143 143 164 164 ]
cp = [ 12.3182 12.3182 38.3068 23.3331 15.2023 15.2023 20.4138 20.4138 23.8087 38.0349 20.9126 20.9126 35.3798 8.5275 36.2166 36.2166 20.6442 20.6442 28.8297 28.8297 ]
D = [ 721 763 996 1150 1263 1416 1542 1665 1880 1899 2177 2183 2344 2508 2765 2803 2896 3159 3305 3357 3482 3623 3816 3975 4043 3904 3678 3652 3411 3249 3017 2813 2732 2591 2399 2455 2674 2814 3032 3142 3341 3043 2729 2477 2200 1819 1645 1318 951 1124 1309 1411 1536 1690 1911 2050 2150 2162 2397 2534 2713 2832 2834 2981 3145 3266 3440 3603 3707 3926 3927 4129 4288 4103 3822 3588 3463 3201 3091 2894 2669 2426 2195 2538 2712 2783 3129 3267 3395 3189 2858 2559 2335 2052 1763 1567 ]
