n = 20 ; 
T = 96 ; 
Init = [ 1 1 1 1 1 0 0 0 1 1 1 1 1 0 0 0 0 1 1 0 ]
L = [ 13 6 6 16 16 11 11 15 15 15 15 9 9 5 5 16 14 14 16 16 ]
l = [ 13 6 6 16 16 11 11 15 15 15 15 9 9 5 5 16 14 14 16 16 ]
Pmin = [ 219 73 73 323 323 217 217 278 278 277 277 146 146 77 77 299 228 228 294 301 ]
Pmax = [ 254 81 81 349 349 226 226 301 301 296 296 168 168 83 83 326 267 267 325 328 ]
cf = [ 32.032 54.1609 54.1609 15.0023 15.0023 53.3163 53.3163 11.7864 11.7864 55.6666 55.6666 16.9425 16.9425 35.5641 35.5641 53.428 23.0789 23.0789 23.5391 56.1832 ]
c0 = [ 162 70 70 232 232 169 169 208 208 220 220 118 118 70 70 223 172 172 216 226 ]
cp = [ 36.0152 33.1247 33.1247 20.8813 20.8813 25.0816 25.0816 20.9896 20.9896 13.5 13.5 30.2201 30.2201 35.8519 35.8519 14.6909 18.5643 18.5643 16.3101 11.1606 ]
D = [ 757 779 908 1194 1192 1367 1464 1524 1766 1794 1913 2102 2197 2368 2431 2618 2790 2944 3068 3066 3183 3414 3512 3631 3772 3575 3372 3315 3156 2887 2693 2605 2409 2218 2116 2308 2509 2719 2846 2988 3101 2953 2715 2354 2077 1776 1652 1246 1133 1229 1255 1393 1449 1580 1722 1848 1949 2165 2258 2331 2432 2540 2636 2768 2825 3060 3127 3302 3389 3536 3524 3751 3865 3617 3567 3374 3210 3145 2847 2738 2654 2441 2354 2542 2678 2773 2973 3093 3288 2995 2779 2489 2188 1952 1678 1318 ]
