n = 20 ; 
T = 96 ; 
Init = [ 0 1 1 0 1 0 1 0 0 1 1 1 1 1 1 1 1 1 0 0 ]
L = [ 5 9 5 14 19 11 13 13 12 8 13 8 20 15 7 12 15 5 15 11 ]
l = [ 5 9 5 14 19 11 13 13 12 8 13 8 20 15 7 12 15 5 15 11 ]
Pmin = [ 76 179 70 250 357 188 221 248 231 151 226 134 357 274 101 223 285 110 296 162 ]
Pmax = [ 76 179 70 273 420 219 255 269 241 159 245 141 420 321 101 243 309 110 347 190 ]
cf = [ 30.7046 31.2852 53.3375 31.6906 33.3897 41.1479 62.6621 12.0469 36.27 64.4921 13.4058 11.8731 12.5956 56.1315 60.8969 56.3938 41.7234 11.1929 52.0921 26.0756 ]
c0 = [ 82 139 79 198 250 157 167 200 185 121 167 111 250 207 101 170 215 110 229 131 ]
cp = [ 35.0222 26.8888 40.4861 21.7737 11.3332 17.9278 26.8266 21.6881 23.0252 27.6197 15.6553 26.4702 8.38942 16.577 34.1301 24.0121 10.0323 36.1172 17.2772 34.5207 ]
D = [ 498 674 844 873 1044 1122 1328 1501 1637 1786 1797 1953 2159 2202 2423 2537 2612 2828 2944 2968 3196 3301 3452 3600 3646 3446 3306 3158 3086 2903 2753 2687 2382 2272 2104 2304 2438 2644 2719 2858 3082 2811 2581 2321 2128 1822 1545 1296 1050 1134 1254 1393 1488 1611 1662 1892 2016 1985 2228 2226 2344 2474 2626 2636 2861 3006 3093 3126 3288 3361 3448 3551 3760 3569 3421 3142 3008 2816 2633 2576 2359 2186 1991 2307 2527 2654 2923 3157 3309 3055 2687 2524 2122 1965 1701 1415 ]
