n = 20 ; 
T = 96 ; 
Init = [ 1 1 1 1 1 1 0 1 0 1 0 1 1 0 1 0 1 0 0 1 ]
L = [ 19 12 5 15 12 13 18 10 19 7 15 5 18 13 18 7 8 19 5 15 ]
l = [ 19 12 5 15 12 13 18 10 19 7 15 5 18 13 18 7 8 19 5 15 ]
Pmin = [ 357 240 48 277 232 246 357 177 357 111 278 78 345 246 349 118 130 357 61 293 ]
Pmax = [ 420 254 50 319 243 253 394 192 420 111 301 79 381 262 381 119 153 420 61 321 ]
cf = [ 55.7477 31.0398 25.5447 33.3692 10.5363 9.15697 64.1379 11.2201 18.0277 19.6732 49.1293 37.0527 42.4446 68.6592 25.7914 48.4511 61.7817 44.8525 26.5363 26.4371 ]
c0 = [ 250 182 57 216 171 198 250 148 250 110 209 88 250 191 245 103 115 250 74 230 ]
cp = [ 14.411 22.6427 38.5295 18.755 22.5337 23.4825 15.9244 36.3655 10.2689 35.0713 13.3125 39.9979 14.3616 25.2296 19.1476 27.711 35.2814 10.3653 37.8934 19.5374 ]
D = [ 633 810 1045 1032 1174 1458 1594 1663 1742 1902 2090 2165 2301 2520 2615 2756 2875 3122 3279 3288 3407 3632 3680 3937 4107 3856 3656 3580 3405 3185 2976 2957 2775 2662 2490 2644 2821 2980 3063 3368 3548 3203 2777 2475 2210 1928 1628 1343 1104 1092 1366 1395 1532 1701 1905 1981 2102 2258 2313 2480 2625 2661 2832 2964 3100 3214 3353 3638 3631 3774 3911 4118 4266 4102 3932 3595 3509 3263 3036 2938 2734 2460 2257 2407 2708 2737 3019 3118 3359 3154 2879 2534 2232 1995 1837 1537 ]
