n = 20 ; 
T = 96 ; 
Init = [ 1 0 1 0 1 1 0 1 0 1 0 1 1 1 0 0 1 0 0 0 ]
L = [ 15 9 14 14 7 15 9 9 7 7 15 15 15 14 14 5 5 14 7 10 ]
l = [ 15 9 14 14 7 15 9 9 7 7 15 15 15 14 14 5 5 14 7 10 ]
Pmin = [ 275 180 270 270 120 281 136 136 129 129 276 289 289 275 275 43 43 243 95 185 ]
Pmax = [ 305 183 300 300 128 300 153 153 129 129 299 328 328 306 306 43 43 268 99 185 ]
cf = [ 41.8117 25.3318 51.7314 51.7314 63.5055 24.2216 57.8909 57.8909 39.5745 39.5745 54.4986 35.6035 35.6035 34.3318 34.3318 64.9117 64.9117 58.8778 31.8438 15.9638 ]
c0 = [ 205 157 199 199 108 208 127 127 108 108 201 219 219 216 216 55 55 177 93 156 ]
cp = [ 20.5365 28.6071 23.1177 23.1177 30.3331 23.2408 38.6896 38.6896 30.4152 30.4152 22.428 24.6125 24.6125 20.4119 20.4119 36.707 36.707 16.3145 29.9891 30.3182 ]
D = [ 487 652 711 846 994 1097 1274 1382 1395 1601 1767 1863 1869 2072 2121 2279 2402 2437 2683 2767 2834 2982 3119 3114 3307 3148 3011 2916 2669 2586 2495 2250 2217 2071 1847 1977 2104 2226 2505 2531 2745 2567 2376 2129 1884 1628 1425 1189 1064 1190 1240 1297 1429 1527 1634 1825 1819 1979 2125 2270 2348 2481 2457 2670 2786 2801 2931 3081 3116 3211 3328 3473 3576 3390 3287 3097 2857 2737 2566 2449 2193 2121 1954 2093 2226 2429 2652 2827 3084 2750 2523 2310 2159 1800 1539 1396 ]
