n = 20 ; 
T = 96 ; 
Init = [ 0 0 1 0 1 1 1 0 1 1 1 0 0 1 1 0 1 1 0 0 ]
L = [ 16 18 18 15 8 8 7 12 9 4 12 10 9 9 12 10 17 17 17 12 ]
l = [ 16 18 18 15 8 8 7 12 9 4 12 10 9 9 12 10 17 17 17 12 ]
Pmin = [ 305 347 347 300 145 145 114 244 155 55 242 164 155 155 224 195 299 325 325 192 ]
Pmax = [ 345 383 383 324 149 149 114 268 161 56 248 182 160 160 232 210 336 364 364 221 ]
cf = [ 68.841 52.283 52.283 46.5634 35.2093 35.2093 13.7263 13.8489 42.1931 35.1242 7.92204 32.9103 37.3997 37.3997 18.2424 55.6256 69.0421 16.0592 16.0592 16.3535 ]
c0 = [ 220 250 250 224 134 134 101 198 123 65 182 142 135 135 178 155 222 234 234 164 ]
cp = [ 21.5027 12.9649 12.9649 22.4035 33.2288 33.2288 31.5282 17.9202 27.7986 40.9547 24.6188 29.0626 27.5376 27.5376 31.8144 33.6551 13.9124 26.1575 26.1575 12.9098 ]
D = [ 406 617 812 967 1077 1220 1399 1463 1590 1738 1917 2044 2271 2431 2483 2604 2776 2949 3175 3209 3410 3460 3636 3900 4009 3789 3524 3355 3228 3076 2956 2701 2439 2368 2123 2394 2537 2719 3084 3209 3393 3135 2936 2545 2302 2009 1769 1553 1217 1329 1416 1634 1661 1760 1856 2087 2071 2267 2417 2511 2643 2676 2702 2803 2990 3105 3179 3378 3388 3516 3567 3730 3888 3713 3426 3414 3182 2956 2785 2703 2481 2289 2142 2370 2527 2724 2900 3109 3218 3009 2778 2484 2200 2064 1764 1559 ]
