n = 20 ; 
T = 96 ; 
Init = [ 1 1 0 0 0 1 0 1 1 1 0 1 0 0 1 0 0 0 0 0 ]
L = [ 11 11 14 16 8 7 7 18 15 18 17 8 15 15 10 10 12 12 17 17 ]
l = [ 11 11 14 16 8 7 7 18 15 18 17 8 15 15 10 10 12 12 17 17 ]
Pmin = [ 207 207 285 317 134 141 141 356 284 338 307 126 283 283 156 156 195 195 327 327 ]
Pmax = [ 213 213 298 342 136 141 141 401 308 374 342 126 296 296 175 175 223 223 358 358 ]
cf = [ 68.5576 68.5576 25.6658 20.4424 15.2677 66.6136 66.6136 69.078 23.5663 32.9046 8.30455 49.1311 66.9023 66.9023 18.4956 18.4956 17.3484 17.3484 63.8797 63.8797 ]
c0 = [ 156 156 214 245 116 129 129 250 222 250 224 121 210 210 121 121 164 164 233 233 ]
cp = [ 29.6269 29.6269 12.5972 13.8284 38.4774 34.0379 34.0379 10.3584 16.4246 11.2018 15.2566 34.3219 21.2336 21.2336 31.9132 31.9132 13.306 13.306 14.9715 14.9715 ]
D = [ 607 779 1052 1088 1286 1491 1520 1778 1778 1981 2204 2212 2467 2529 2652 2841 2956 3123 3308 3374 3688 3751 3822 4038 4158 3990 3891 3616 3493 3193 3093 2919 2646 2484 2200 2555 2650 2826 3105 3244 3477 3161 2868 2539 2329 2013 1728 1487 1219 1208 1465 1515 1597 1770 1889 2052 2127 2263 2534 2639 2683 2924 2929 3143 3278 3416 3479 3776 3909 3932 4116 4223 4436 4162 3944 3882 3575 3521 3229 3005 2805 2637 2519 2623 2850 3073 3207 3376 3601 3235 2928 2806 2358 2112 1881 1624 ]
