n = 20 ; 
T = 96 ; 
Init = [ 0 1 0 0 0 1 0 0 1 1 1 0 0 0 0 1 0 0 0 0 ]
L = [ 13 15 11 5 16 5 9 6 7 14 17 19 10 5 18 9 5 14 10 5 ]
l = [ 13 15 11 5 16 5 9 6 7 14 17 19 10 5 18 9 5 14 10 5 ]
Pmin = [ 246 285 212 60 287 87 198 95 108 276 320 357 183 48 357 156 109 266 201 59 ]
Pmax = [ 254 334 236 60 326 87 198 106 122 295 368 406 189 50 410 156 109 297 215 59 ]
cf = [ 38.1822 66.3287 28.5034 15.6973 13.1383 58.4338 64.5441 65.6841 20.8321 35.8096 29.6943 66.6493 57.2893 29.3218 15.6249 27.4993 12.1842 41.4655 57.0286 38.4039 ]
c0 = [ 194 211 178 62 216 91 156 91 98 204 244 250 144 53 250 133 108 208 165 79 ]
cp = [ 18.6011 11.4367 24.8808 38.5886 20.0918 41.1554 29.9785 37.4763 37.5865 27.7091 16.582 14.0703 28.9614 39.0737 13.5537 38.2534 37.6697 14.6889 25.199 40.7714 ]
D = [ 714 847 943 1002 1134 1269 1407 1453 1650 1757 1797 1950 2072 2115 2313 2316 2499 2633 2614 2728 2828 2993 3069 3241 3289 3228 3049 2974 2785 2656 2527 2305 2200 2056 1939 2167 2359 2427 2592 2871 2936 2772 2527 2345 2115 1804 1515 1359 1015 1121 1347 1424 1488 1622 1646 1719 1861 1955 2060 2195 2309 2314 2467 2630 2626 2731 2939 3013 3113 3224 3308 3337 3554 3308 3185 2966 2808 2629 2598 2341 2168 2108 1827 2116 2278 2418 2680 2729 3018 2713 2534 2265 2020 1740 1534 1340 ]
