n = 20 ; 
T = 96 ; 
Init = [ 1 1 1 1 0 0 1 0 1 0 0 0 1 1 0 1 0 1 0 0 ]
L = [ 15 20 12 5 6 17 14 14 9 13 5 7 9 16 15 4 15 11 11 4 ]
l = [ 15 20 12 5 6 17 14 14 9 13 5 7 9 16 15 4 15 11 11 4 ]
Pmin = [ 286 357 226 76 115 334 235 284 172 265 82 132 161 289 309 65 317 222 191 56 ]
Pmax = [ 323 420 255 76 115 367 276 303 172 280 82 132 177 330 332 65 346 227 215 56 ]
cf = [ 29.1659 42.1309 18.9131 49.0899 58.8822 68.1833 66.9803 39.5945 58.8135 18.5848 59.6152 47.7411 20.4283 67.3738 33.0778 28.3677 62.0266 17.9206 33.4277 26.21 ]
c0 = [ 222 250 168 85 96 250 188 204 140 193 86 122 132 226 231 68 236 176 145 65 ]
cp = [ 12.4482 8.38237 25.2323 36.5486 36.5049 17.2958 13.3807 26.8245 31.4641 24.8477 41.4522 39.6038 37.5795 14.372 21.6349 41.1953 13.9412 27.4898 26.5978 40.2853 ]
D = [ 562 597 807 901 1021 1289 1368 1522 1564 1722 1902 1968 2123 2231 2512 2562 2778 2863 3006 3180 3340 3471 3568 3612 3784 3540 3427 3236 3000 2824 2672 2554 2277 2198 1872 2152 2446 2635 2767 3131 3343 2995 2600 2306 2096 1845 1465 1169 792 1009 1087 1151 1274 1512 1526 1659 1764 2010 2051 2098 2369 2468 2587 2661 2836 2932 2996 3126 3294 3366 3422 3642 3637 3570 3331 3125 2938 2888 2606 2423 2305 2148 1910 2129 2258 2414 2646 2762 2879 2636 2445 2150 1887 1697 1521 1149 ]
