n = 20 ; 
T = 96 ; 
Init = [ 0 0 1 0 0 0 0 1 1 1 0 1 1 0 1 0 1 1 1 1 ]
L = [ 13 13 7 12 12 5 5 8 8 8 16 16 16 16 7 7 13 13 11 11 ]
l = [ 13 13 7 12 12 5 5 8 8 8 16 16 16 16 7 7 13 13 11 11 ]
Pmin = [ 274 274 116 211 211 63 63 121 121 146 308 308 311 311 91 118 211 211 186 186 ]
Pmax = [ 287 287 116 243 243 63 63 142 142 146 345 345 326 326 94 132 242 242 207 207 ]
cf = [ 19.7655 19.7655 22.0018 14.7427 14.7427 49.5924 49.5924 16.9642 16.9642 43.6992 68.6587 68.6587 60.0859 60.0859 49.8423 36.0636 50.5997 50.5997 38.4371 38.4371 ]
c0 = [ 214 214 110 160 160 66 66 99 99 122 238 238 224 224 98 103 170 170 156 156 ]
cp = [ 17.8296 17.8296 35.6409 24.6375 24.6375 40.6431 40.6431 24.8585 24.8585 29.5674 10.9245 10.9245 16.509 16.509 29.9791 40.3357 24.977 24.977 29.5822 29.5822 ]
D = [ 421 496 628 792 876 968 1190 1279 1353 1506 1669 1809 1868 2011 2126 2305 2330 2414 2541 2683 2905 2940 3094 3224 3365 3217 3052 2915 2757 2622 2431 2237 2056 2029 1878 2008 2147 2445 2543 2788 2963 2825 2502 2337 2066 1890 1629 1414 1140 1214 1377 1398 1612 1638 1805 1883 2023 1994 2196 2308 2279 2413 2619 2691 2724 2824 3026 3000 3164 3280 3370 3437 3525 3375 3202 3008 2896 2842 2539 2496 2262 2175 2052 2058 2176 2399 2536 2539 2633 2554 2252 2053 1853 1656 1583 1315 ]
