n = 20 ; 
T = 96 ; 
Init = [ 1 1 1 1 0 1 1 0 1 0 0 0 0 1 0 0 1 0 1 0 ]
L = [ 11 13 9 18 10 18 12 11 9 14 13 18 7 8 14 6 9 14 11 19 ]
l = [ 11 13 9 18 10 18 12 11 9 14 13 18 7 8 14 6 9 14 11 19 ]
Pmin = [ 178 236 133 357 173 342 224 204 149 275 227 357 117 148 247 66 141 272 222 357 ]
Pmax = [ 202 253 139 392 187 379 249 204 158 298 236 403 117 148 278 66 162 288 232 414 ]
cf = [ 54.0367 36.0382 25.2454 44.0236 22.3393 44.7624 66.8338 29.1635 31.5212 49.8842 61.7194 69.7333 37.5519 9.77974 62.2045 51.8134 44.2757 58.13 44.1193 28.1317 ]
c0 = [ 148 190 109 250 136 250 184 170 132 213 168 250 103 126 196 78 113 197 178 250 ]
cp = [ 23.786 24.3881 31.6952 13.2884 20.1643 13.6474 21.091 34.1378 33.4739 19.2678 15.7103 11.5575 35.3877 32.4705 27.5645 38.3503 32.3833 12.3379 29.7433 10.9095 ]
D = [ 604 860 945 1057 1240 1473 1620 1753 1780 1979 2051 2317 2402 2545 2641 2777 2953 3072 3294 3393 3482 3675 3928 4056 4210 3910 3745 3589 3391 3164 3062 2832 2541 2379 2294 2385 2481 2741 2821 2976 3116 2874 2550 2379 2137 1765 1587 1201 982 1086 1263 1398 1525 1560 1687 1775 1897 2158 2145 2295 2484 2583 2674 2793 2994 3086 3191 3246 3461 3491 3751 3867 3991 3837 3530 3351 3212 3078 2944 2755 2602 2347 2171 2402 2616 2824 3022 3236 3407 3155 2730 2477 2203 1923 1667 1296 ]
