n = 20 ; 
T = 96 ; 
Init = [ 0 0 0 0 0 0 1 1 1 1 1 0 0 1 1 1 1 1 1 1 ]
L = [ 6 6 10 10 10 15 6 6 15 15 10 5 7 9 12 12 9 6 6 18 ]
l = [ 6 6 10 10 10 15 6 6 15 15 10 5 7 9 12 12 9 6 6 18 ]
Pmin = [ 114 114 198 174 174 294 105 105 297 297 186 96 140 173 227 227 175 100 100 337 ]
Pmax = [ 115 115 198 174 174 322 105 105 331 331 186 96 140 186 259 259 177 100 100 382 ]
cf = [ 20.9996 20.9996 45.8354 17.0041 17.0041 14.1835 68.9937 68.9937 35.3191 35.3191 60.481 14.4775 34.7563 22.6018 13.8275 13.8275 25.8743 28.6895 28.6895 62.6821 ]
c0 = [ 112 112 149 149 149 212 97 97 228 228 153 101 129 151 172 172 140 102 102 240 ]
cp = [ 36.2163 36.2163 29.0932 18.8687 18.8687 15.4896 28.0177 28.0177 21.9461 21.9461 25.9642 40.2124 36.7329 37.9605 22.4722 22.4722 32.8386 40.5398 40.5398 14.0544 ]
D = [ 699 735 900 981 1111 1139 1327 1373 1476 1658 1686 1853 1952 2018 2092 2302 2348 2448 2527 2647 2821 2817 2910 3140 3229 3030 2921 2760 2539 2417 2307 2040 1987 1799 1646 1775 1944 2031 2239 2268 2432 2240 2146 1842 1749 1486 1287 1135 1018 1081 1143 1226 1335 1392 1548 1555 1659 1842 1814 2025 2073 2173 2276 2272 2442 2573 2593 2755 2838 2878 2992 2997 3159 2934 2895 2644 2604 2412 2287 2143 1924 1908 1757 1852 1958 2166 2315 2435 2598 2411 2158 1923 1746 1506 1315 1217 ]
