n = 20 ; 
T = 96 ; 
Init = [ 1 1 1 1 0 0 1 1 0 1 0 1 0 0 0 1 0 1 0 0 ]
L = [ 6 7 11 14 6 18 19 13 11 18 15 15 11 13 5 15 10 18 4 5 ]
l = [ 6 7 11 14 6 18 19 13 11 18 15 15 11 13 5 15 10 18 4 5 ]
Pmin = [ 101 98 226 267 93 336 357 264 186 342 307 289 212 253 48 312 172 328 75 81 ]
Pmax = [ 101 98 229 308 93 389 420 279 210 385 324 313 221 262 48 330 186 382 75 81 ]
cf = [ 58.1712 69.6753 63.4192 40.0097 62.6276 30.4716 35.6033 26.1477 36.7188 23.3685 11.8107 21.6884 58.5848 40.2439 62.5908 57.5475 8.01847 30.7521 13.0993 55.2425 ]
c0 = [ 101 95 175 206 101 247 250 196 156 248 238 213 173 201 61 227 130 240 69 77 ]
cp = [ 35.9245 39.2026 31.6809 20.9335 34.8399 13.9671 12.5866 25.1451 28.972 22.725 20.4585 17.0639 28.874 32.4221 39.03 18.4598 33.2274 13.1148 41.927 40.6663 ]
D = [ 745 911 1059 1204 1313 1319 1563 1704 1865 1873 2076 2149 2343 2520 2622 2780 2753 2882 3141 3235 3426 3498 3630 3710 3907 3667 3423 3360 3131 2953 2784 2503 2360 2209 2115 2187 2493 2750 3005 3169 3302 3093 2835 2495 2159 1872 1560 1238 966 954 1219 1246 1346 1559 1714 1820 1875 2105 2252 2339 2485 2652 2646 2824 3020 3125 3211 3336 3494 3551 3651 3834 4063 3841 3563 3436 3341 3145 2915 2774 2612 2344 2102 2246 2397 2690 2811 2888 3109 2833 2624 2274 2035 1693 1564 1220 ]
