n = 20 ; 
T = 96 ; 
Init = [ 1 1 0 0 1 0 0 0 0 1 1 0 0 0 0 0 1 1 0 0 ]
L = [ 6 14 19 11 9 12 4 20 6 13 11 8 11 10 16 15 8 7 6 15 ]
l = [ 6 14 19 11 9 12 4 20 6 13 11 8 11 10 16 15 8 7 6 15 ]
Pmin = [ 79 270 357 207 157 237 67 357 95 215 179 120 225 171 328 286 161 112 98 300 ]
Pmax = [ 79 289 420 207 172 242 67 420 95 248 201 128 232 195 359 313 161 127 109 316 ]
cf = [ 22.511 29.8379 48.5791 11.1676 39.3377 27.7781 48.0677 25.3183 34.9729 57.5051 20.8764 57.506 27.0499 45.4896 65.9875 16.9742 65.0807 49.8121 47.5878 67.9041 ]
c0 = [ 78 205 250 156 139 179 79 250 82 167 153 106 167 141 240 214 133 94 85 220 ]
cp = [ 39.223 24.1379 9.41485 23.2775 22.8362 23.6081 41.0188 10.163 34.4121 24.8195 19.3146 32.3517 24.9978 31.105 15.1516 11.7728 27.3189 36.945 39.9672 13.9124 ]
D = [ 483 593 671 882 988 1101 1141 1265 1425 1529 1724 1856 2010 2148 2146 2357 2403 2651 2627 2878 3019 3030 3243 3346 3510 3341 3189 2976 2802 2779 2524 2482 2285 2141 2026 2155 2346 2490 2777 3002 3124 2849 2606 2285 2021 1808 1572 1228 881 1007 1246 1320 1443 1459 1666 1758 1826 1982 2025 2098 2288 2421 2487 2624 2687 2780 3000 3062 3187 3202 3433 3462 3515 3419 3214 3056 3015 2851 2625 2569 2421 2167 2075 2214 2297 2417 2537 2738 2746 2597 2401 2127 1843 1604 1358 1186 ]
