n = 20 ; 
T = 96 ; 
Init = [ 0 1 1 0 0 0 0 0 0 0 1 0 1 0 0 0 0 0 0 1 ]
L = [ 17 17 9 18 18 6 18 13 5 14 17 11 10 14 13 8 6 4 6 10 ]
l = [ 17 17 9 18 18 6 18 13 5 14 17 11 10 14 13 8 6 4 6 10 ]
Pmin = [ 341 302 156 357 347 96 350 244 89 270 337 191 204 257 217 117 89 75 81 188 ]
Pmax = [ 374 351 156 390 372 96 403 269 89 292 379 197 204 283 248 133 103 75 81 204 ]
cf = [ 59.2432 26.581 22.9883 56.4585 57.0549 34.4836 65.1799 58.4228 27.6883 34.0828 21.8861 66.8169 37.125 61.4741 42.0101 42.6597 45.8191 53.4782 27.6465 66.2093 ]
c0 = [ 250 216 134 250 245 98 250 194 84 202 246 143 162 189 180 104 93 72 90 153 ]
cp = [ 22.7346 14.2741 32.3167 16.5409 10.8881 38.4069 15.1721 23.3593 40.5139 28.9292 14.0668 32.7476 25.7134 15.7422 24.4128 34.7251 37.6678 40.4394 37.0924 34.7004 ]
D = [ 550 707 788 839 1111 1140 1411 1422 1613 1803 1987 2117 2219 2385 2431 2550 2683 2851 3061 3260 3376 3416 3624 3760 3901 3729 3581 3341 3210 3001 2811 2683 2489 2407 2188 2319 2663 2768 2939 3160 3311 3062 2807 2626 2399 2047 1843 1606 1230 1409 1535 1615 1645 1873 1820 1985 2021 2183 2324 2449 2563 2637 2737 2758 2977 3101 3075 3310 3271 3501 3602 3649 3767 3626 3340 3315 3086 2882 2710 2631 2502 2181 2076 2222 2372 2631 2837 2920 3237 2880 2728 2454 2240 1913 1727 1457 ]
