n = 20 ; 
T = 96 ; 
Init = [ 1 1 0 1 1 0 1 0 0 0 0 0 1 1 1 1 1 1 0 0 ]
L = [ 6 7 16 17 5 15 11 6 16 18 12 20 12 12 7 13 5 19 18 13 ]
l = [ 6 7 16 17 5 15 11 6 16 18 12 20 12 12 7 13 5 19 18 13 ]
Pmin = [ 117 108 311 296 80 290 194 91 315 349 224 357 227 260 106 264 86 348 354 230 ]
Pmax = [ 117 108 334 347 89 324 194 105 331 405 248 420 238 266 119 287 86 395 394 253 ]
cf = [ 55.5783 67.5616 29.5157 36.9256 66.5247 38.493 10.9573 57.6095 60.3239 45.1815 22.8959 17.5923 49.1515 46.8162 20.2618 50.9967 38.6081 22.6996 35.7511 36.1973 ]
c0 = [ 101 90 228 212 71 226 145 95 244 250 169 250 174 187 103 201 84 250 250 177 ]
cp = [ 37.9225 35.0505 14.7351 14.5905 33.6679 17.8467 22.6529 40.655 15.8621 11.4228 24.2153 8.03568 26.5092 27.732 31.2458 20.9862 37.2821 13.0623 12.8747 20.2335 ]
D = [ 578 593 761 964 1158 1294 1379 1609 1818 1925 2056 2183 2395 2478 2613 2780 2983 3102 3362 3372 3599 3764 3923 4103 4121 3947 3917 3702 3419 3284 3098 2832 2745 2575 2359 2509 2704 2988 3215 3281 3519 3201 2903 2676 2288 1972 1574 1236 897 1109 1156 1338 1517 1716 1797 1837 2032 2215 2349 2557 2520 2790 2808 3040 3152 3223 3494 3612 3708 3891 3946 4051 4160 4050 3794 3600 3520 3314 2979 2751 2621 2383 2200 2549 2625 3010 3262 3398 3643 3336 2988 2689 2330 2048 1660 1463 ]
