n = 20 ; 
T = 96 ; 
Init = [ 0 1 1 0 0 0 0 1 0 1 1 0 1 0 0 0 1 1 0 1 ]
L = [ 10 10 13 7 16 19 19 11 8 8 17 17 10 10 8 8 7 7 8 14 ]
l = [ 10 10 13 7 16 19 19 11 8 8 17 17 10 10 8 8 7 7 8 14 ]
Pmin = [ 184 184 205 129 288 357 350 202 125 125 330 330 166 166 138 138 109 109 121 234 ]
Pmax = [ 209 209 236 129 333 420 409 229 126 126 364 364 193 193 144 144 116 116 137 262 ]
cf = [ 19.0364 19.0364 29.3131 35.2696 27.5917 49.7166 18.027 25.0548 29.4574 29.4574 35.9239 35.9239 37.5298 37.5298 58.2593 58.2593 42.9136 42.9136 36.8038 60.5152 ]
c0 = [ 141 141 173 103 218 250 250 152 104 104 245 245 136 136 123 123 106 106 110 181 ]
cp = [ 34.3461 34.3461 26.4486 40.1049 18.8379 12.6548 15.1343 25.9636 36.4706 36.4706 11.8971 11.8971 21.0915 21.0915 31.8116 31.8116 39.0766 39.0766 39.6035 25.3634 ]
D = [ 713 837 911 1091 1174 1293 1479 1588 1723 1727 1893 1946 2130 2307 2378 2404 2634 2665 2837 2967 3050 3274 3381 3450 3579 3450 3210 3001 2929 2786 2661 2394 2256 2086 2041 2221 2404 2617 2786 2985 3083 2846 2687 2395 2055 1847 1624 1395 1053 1205 1360 1368 1598 1702 1794 1877 2012 2156 2259 2381 2476 2563 2673 2784 2845 2959 3134 3215 3429 3409 3570 3673 3850 3578 3504 3308 3075 2929 2602 2560 2290 2167 1858 2050 2263 2439 2602 2675 2882 2637 2322 2114 1842 1685 1475 1150 ]
