n = 20 ; 
T = 96 ; 
Init = [ 1 0 0 1 1 0 1 0 1 1 0 0 1 0 1 0 1 1 0 1 ]
L = [ 11 7 5 7 14 7 4 12 4 15 7 20 18 17 9 9 9 4 11 11 ]
l = [ 11 7 5 7 14 7 4 12 4 15 7 20 18 17 9 9 9 4 11 11 ]
Pmin = [ 197 111 89 101 244 135 61 214 58 317 116 357 357 299 158 165 153 54 200 198 ]
Pmax = [ 224 115 89 109 269 135 61 241 58 336 124 420 414 349 159 165 156 54 221 208 ]
cf = [ 20.8019 30.3157 10.3022 64.3234 34.832 52.6291 56.6624 10.0403 67.9588 17.0635 49.7498 10.0311 22.0387 24.7126 13.231 49.9735 7.1341 41.1425 19.7634 33.6977 ]
c0 = [ 148 92 90 86 186 122 68 169 66 246 95 250 250 230 140 144 136 61 150 163 ]
cp = [ 22.9829 40.0631 40.1765 34.7585 13.6151 33.5323 40.0869 25.4091 37.2432 20.4465 35.6242 9.47539 11.7004 18.7788 22.9135 30.4878 38.9286 41.543 29.3717 33.6874 ]
D = [ 589 678 815 836 1030 1120 1209 1285 1470 1540 1689 1775 1853 2039 2113 2219 2337 2463 2595 2720 2820 2894 3063 3099 3265 3052 2969 2821 2580 2479 2351 2227 1960 1856 1638 1878 1898 2082 2144 2374 2513 2263 1977 1873 1555 1368 1115 941 747 797 892 1048 1174 1140 1353 1398 1535 1643 1720 1773 1961 2010 2094 2198 2319 2365 2480 2570 2689 2778 2909 3059 3116 2922 2886 2698 2559 2412 2307 2139 2081 1973 1861 1982 2173 2328 2395 2624 2787 2554 2320 2015 1732 1482 1321 1060 ]
