n = 20 ; 
T = 96 ; 
Init = [ 1 1 0 0 0 0 0 0 1 1 0 0 0 1 1 1 0 1 1 1 ]
L = [ 11 7 7 8 8 6 11 11 14 14 14 17 11 11 17 5 10 7 5 10 ]
l = [ 11 7 7 8 8 6 11 11 14 14 14 17 11 11 17 5 10 7 5 10 ]
Pmin = [ 210 106 106 121 121 72 191 191 266 273 273 294 198 198 336 40 178 125 57 176 ]
Pmax = [ 214 122 122 124 124 72 203 203 298 295 295 345 198 198 371 40 189 140 57 182 ]
cf = [ 66.1029 45.2253 45.2253 61.6852 61.6852 13.9449 62.6351 62.6351 38.0745 30.1103 30.1103 53.2101 63.4851 63.4851 65.6212 55.9708 14.6138 41.746 28.8092 24.1964 ]
c0 = [ 160 101 101 110 110 69 163 163 206 216 216 219 155 155 250 58 138 118 58 147 ]
cp = [ 22.7858 26.9667 26.9667 36.718 36.718 37.3887 30.8795 30.8795 25.9132 16.1817 16.1817 13.3022 20.3062 20.3062 15.735 41.2959 20.6698 34.7879 40.8086 31.3582 ]
D = [ 629 729 827 986 1101 1192 1291 1361 1488 1620 1658 1869 1984 2072 2168 2288 2356 2498 2540 2717 2713 2921 3032 3052 3229 3009 2860 2736 2651 2396 2255 2109 1986 1838 1746 1929 2062 2123 2270 2426 2651 2365 2121 1989 1688 1572 1318 1117 888 933 1106 1223 1265 1321 1498 1567 1627 1804 1894 1952 2045 2169 2210 2351 2472 2520 2599 2653 2812 2841 2947 3072 3202 3090 2983 2778 2618 2544 2343 2278 2016 1892 1847 1954 2077 2264 2343 2567 2697 2533 2208 1961 1824 1581 1378 1129 ]
