n = 20 ; 
T = 96 ; 
Init = [ 1 1 1 0 0 0 0 0 1 1 1 0 0 1 1 0 0 0 0 0 ]
L = [ 15 16 7 6 12 14 9 13 8 9 18 19 13 7 7 19 17 11 15 7 ]
l = [ 15 16 7 6 12 14 9 13 8 9 18 19 13 7 7 19 17 11 15 7 ]
Pmin = [ 294 327 126 101 236 245 174 244 163 157 328 357 235 86 79 357 318 204 289 142 ]
Pmax = [ 334 350 141 101 257 266 174 271 163 157 377 409 249 97 92 420 366 204 328 142 ]
cf = [ 27.6118 47.6053 54.141 7.4647 55.376 56.122 33.44 67.7106 54.665 52.39 63.5469 54.5563 16.687 64.6727 13.4824 63.1206 68.648 17.6543 68.8149 29.7887 ]
c0 = [ 231 240 101 92 188 179 133 179 133 135 246 250 183 94 83 250 233 161 216 115 ]
cp = [ 14.4117 16.464 32.0329 38.5537 21.6943 24.8109 35.3495 14.4369 26.7847 30.9888 10.9944 14.6012 31.2199 38.7988 40.0389 9.13101 12.1218 34.1181 18.3853 37.078 ]
D = [ 837 913 1143 1131 1383 1389 1583 1712 1916 1977 2064 2269 2445 2450 2618 2788 2825 2967 3208 3381 3378 3582 3770 3802 3971 3750 3564 3405 3256 3120 2993 2691 2679 2472 2207 2484 2678 2823 2920 3186 3442 3008 2684 2499 2119 1832 1507 1211 889 1001 1158 1350 1443 1609 1820 1944 1972 2228 2327 2494 2473 2670 2851 2975 3087 3175 3375 3538 3608 3748 3836 4104 4224 3982 3762 3632 3442 3118 2972 2712 2543 2418 2215 2428 2580 2877 3078 3302 3540 3185 2920 2482 2188 1969 1698 1381 ]
