n = 20 ; 
T = 96 ; 
Init = [ 0 1 1 1 0 1 0 0 0 1 0 0 0 0 1 0 0 1 1 0 ]
L = [ 9 9 15 9 6 6 15 15 13 11 15 15 17 17 14 14 9 9 18 18 ]
l = [ 9 9 15 9 6 6 15 15 13 11 15 15 17 17 14 14 9 9 18 18 ]
Pmin = [ 145 147 281 156 94 94 268 268 254 209 286 286 319 319 290 290 161 161 324 324 ]
Pmax = [ 160 151 318 156 94 94 300 300 271 239 326 326 366 366 302 302 169 169 365 365 ]
cf = [ 18.8767 49.8625 56.6354 44.0839 36.7832 36.7832 46.8354 46.8354 38.7308 49.3554 32.2631 32.2631 19.9677 19.9677 54.4373 54.4373 55.6639 55.6639 57.6744 57.6744 ]
c0 = [ 121 128 219 129 87 87 200 200 191 175 208 208 233 233 214 214 133 133 249 249 ]
cp = [ 37.1843 34.3127 13.0322 30.9837 35.1928 35.1928 25.6612 25.6612 17.0644 21.0294 12.7472 12.7472 18.5594 18.5594 18.9006 18.9006 31.0908 31.0908 15.4253 15.4253 ]
D = [ 954 1012 1118 1386 1396 1615 1864 1967 2017 2228 2309 2579 2575 2879 2907 3056 3274 3497 3461 3640 3786 3929 4071 4329 4393 4178 4042 3862 3661 3384 3263 3003 2828 2665 2335 2588 2682 2828 3037 3224 3434 3135 2813 2620 2286 2035 1844 1391 1181 1330 1465 1626 1654 1815 1980 2129 2184 2486 2475 2765 2752 3015 3039 3194 3306 3539 3544 3821 3813 4089 4114 4319 4486 4172 3934 3841 3569 3235 3037 2801 2674 2478 2269 2449 2694 2929 3124 3291 3505 3063 2894 2469 2156 1879 1666 1332 ]
