n = 20 ; 
T = 96 ; 
Init = [ 0 1 1 1 0 0 1 1 0 1 1 0 1 1 1 1 0 1 0 0 ]
L = [ 15 8 16 19 10 12 12 17 11 11 9 17 17 15 14 11 18 18 5 17 ]
l = [ 15 8 16 19 10 12 12 17 11 11 9 17 17 15 14 11 18 18 5 17 ]
Pmin = [ 304 127 302 357 179 243 243 344 185 185 148 307 307 296 255 203 351 351 47 337 ]
Pmax = [ 334 141 325 404 179 254 254 370 189 189 170 358 358 336 262 222 393 393 47 367 ]
cf = [ 7.96288 34.6404 40.0479 33.9447 67.6105 54.6564 54.6564 17.7384 17.2293 17.2293 36.7379 68.1077 68.1077 67.5178 55.6729 49.7215 61.7344 61.7344 37.8214 15.9092 ]
c0 = [ 223 117 234 250 145 179 179 250 152 152 134 224 224 230 194 161 250 250 51 246 ]
cp = [ 25.6606 24.4096 24.0009 16.2432 25.5673 17.2806 17.2806 20.445 30.1475 30.1475 34.1037 22.5069 22.5069 21.8098 24.646 21.1223 18.6387 18.6387 41.4325 11.7555 ]
D = [ 638 776 1062 1139 1317 1491 1656 1922 2113 2259 2428 2578 2808 2976 2983 3316 3482 3656 3764 3969 4065 4307 4482 4581 4764 4574 4379 4035 3984 3685 3444 3204 3077 2745 2616 2697 2980 3252 3427 3526 3771 3433 3204 2792 2451 2058 1807 1460 1234 1364 1387 1564 1716 1818 1956 2232 2309 2424 2584 2751 2954 3006 3061 3346 3383 3552 3687 3912 3967 4216 4215 4405 4518 4374 4174 3972 3835 3697 3366 3240 3092 2848 2760 3013 3119 3417 3599 3848 3915 3547 3253 2812 2561 2182 1680 1325 ]
