n = 20 ; 
T = 96 ; 
Init = [ 0 1 1 1 1 0 1 1 1 0 0 1 0 0 1 0 1 1 1 0 ]
L = [ 14 12 14 18 10 7 14 18 7 8 12 18 14 4 9 14 10 13 4 19 ]
l = [ 14 12 14 18 10 7 14 18 7 8 12 18 14 4 9 14 10 13 4 19 ]
Pmin = [ 271 214 269 354 195 144 261 325 121 125 219 326 255 53 163 238 170 217 57 357 ]
Pmax = [ 302 231 307 392 195 144 293 369 121 142 235 372 288 53 188 277 195 238 59 420 ]
cf = [ 31.567 41.8929 29.0598 50.222 69.9202 35.6332 54.2195 16.0823 62.3044 67.3042 63.4939 45.406 43.0831 52.1787 65.1398 47.5105 38.9715 30.5358 14.5443 31.3572 ]
c0 = [ 211 171 211 250 147 129 198 240 116 105 168 237 201 66 144 187 139 165 78 250 ]
cp = [ 21.366 25.458 25.432 23.6201 32.5734 30.9658 13.2378 11.6721 38.7775 31.9749 24.0635 22.4134 27.3872 39.9179 26.6073 17.6091 21.0814 24.351 41.1007 10.5932 ]
D = [ 735 768 974 1181 1167 1385 1474 1664 1846 1994 2063 2150 2350 2488 2528 2742 2870 3035 3067 3220 3421 3579 3709 3711 4000 3695 3609 3384 3299 2984 2868 2712 2472 2429 2171 2282 2471 2667 2835 2898 3109 2825 2629 2343 2065 1952 1747 1463 1259 1288 1336 1462 1578 1750 1788 1937 2166 2220 2302 2486 2454 2673 2720 2911 2971 3106 3181 3372 3372 3575 3724 3849 3908 3723 3538 3415 3203 3067 2899 2658 2438 2381 2153 2279 2447 2662 2824 2933 3091 2781 2520 2268 2064 1738 1389 1133 ]
