n = 20 ; 
T = 96 ; 
Init = [ 1 1 0 0 0 0 0 1 0 1 0 0 1 0 1 0 1 0 1 1 ]
L = [ 10 13 16 16 6 16 14 18 18 8 12 6 15 5 5 6 6 17 10 10 ]
l = [ 10 13 16 16 6 16 14 18 18 8 12 6 15 5 5 6 6 17 10 10 ]
Pmin = [ 184 258 303 303 103 319 245 357 357 130 206 86 283 74 74 84 84 327 178 178 ]
Pmax = [ 206 286 346 346 103 353 286 412 412 149 234 89 324 74 74 96 96 351 201 201 ]
cf = [ 11.0163 43.276 54.4171 54.4171 15.9657 33.4915 68.7502 56.1645 56.1645 64.069 18.7949 12.8712 42.946 67.5964 67.5964 11.2683 11.2683 25.2051 11.5586 11.5586 ]
c0 = [ 155 207 231 231 88 231 184 250 250 124 170 80 208 69 69 89 89 243 152 152 ]
cp = [ 26.4149 23.5022 14.89 14.89 39.2193 12.9229 15.6115 13.3359 13.3359 28.4106 14.4226 39.778 19.2441 36.1561 36.1561 33.5021 33.5021 16.6292 28.3313 28.3313 ]
D = [ 627 801 942 968 1241 1289 1359 1550 1627 1764 2001 2004 2107 2366 2416 2503 2673 2790 2895 3103 3182 3328 3412 3617 3751 3572 3353 3190 3003 2921 2721 2571 2367 2350 2100 2176 2384 2549 2689 2847 3023 2718 2535 2300 1959 1699 1594 1296 1039 1162 1256 1338 1571 1661 1716 1857 2075 2139 2236 2427 2569 2598 2684 2847 3041 3141 3167 3299 3458 3491 3693 3834 4005 3669 3471 3274 3133 3029 2798 2639 2369 2279 2083 2149 2421 2550 2807 3006 3248 2999 2618 2399 2058 1812 1466 1200 ]
