n = 20 ; 
T = 96 ; 
Init = [ 1 0 0 1 1 1 1 1 1 0 1 0 1 1 1 0 0 1 0 1 ]
L = [ 7 15 18 12 7 6 8 6 17 14 13 10 19 18 6 13 20 11 6 7 ]
l = [ 7 15 18 12 7 6 8 6 17 14 13 10 19 18 6 13 20 11 6 7 ]
Pmin = [ 125 286 349 223 119 95 146 67 353 266 232 170 357 357 86 246 357 215 75 130 ]
Pmax = [ 127 321 398 236 138 107 165 78 379 286 263 181 418 418 98 255 420 215 82 130 ]
cf = [ 59.3024 45.0987 32.5154 62.7451 53.9031 36.5053 54.0655 52.2828 35.1875 65.064 38.2177 60.2953 27.2386 35.079 10.328 49.2071 69.5057 32.0756 25.344 59.0004 ]
c0 = [ 109 213 250 168 104 93 121 76 250 211 182 136 250 250 96 186 250 161 75 124 ]
cp = [ 37.0639 15.5042 12.3473 27.4994 35.7083 35.488 18.2607 36.8203 20.4699 26.8087 16.7924 24.5688 10.2093 10.3686 37.1842 20.5938 8.21637 22.9453 38.0292 35.9853 ]
D = [ 499 772 879 943 1080 1284 1333 1602 1601 1731 1977 2099 2278 2347 2595 2683 2850 2987 2985 3173 3414 3518 3590 3729 3986 3673 3587 3462 3201 3017 2917 2729 2507 2373 2282 2404 2682 2846 2927 3064 3391 3098 2740 2455 2092 1842 1505 1170 973 1067 1089 1351 1353 1589 1585 1741 1872 2018 2119 2282 2332 2546 2636 2669 2784 3003 3011 3132 3292 3485 3542 3751 3735 3642 3438 3301 3049 2992 2812 2678 2424 2318 2156 2277 2437 2642 2800 2800 3032 2771 2587 2349 2012 1799 1475 1305 ]
