n = 20 ; 
T = 96 ; 
Init = [ 0 0 1 1 0 0 1 0 0 0 0 1 1 0 1 1 1 0 1 0 ]
L = [ 19 11 8 13 5 17 10 9 18 12 5 4 8 6 13 14 11 11 14 11 ]
l = [ 19 11 8 13 5 17 10 9 18 12 5 4 8 6 13 14 11 11 14 11 ]
Pmin = [ 357 207 115 253 93 304 160 166 357 223 55 48 122 94 263 270 218 202 242 182 ]
Pmax = [ 415 213 128 274 93 349 168 178 401 231 55 56 134 94 286 283 218 207 268 195 ]
cf = [ 42.5698 36.3661 69.4581 56.7536 14.2969 44.3743 48.3287 11.1586 29.8756 10.7279 41.7039 38.2257 61.6256 53.7504 62.2378 16.0107 51.3889 50.1488 61.9282 57.3317 ]
c0 = [ 250 171 98 191 85 237 140 142 250 164 75 65 116 82 195 210 167 167 178 158 ]
cp = [ 8.3577 31.5734 32.1831 17.8298 40.7217 10.2852 31.3035 28.743 12.303 31.9024 41.5306 41.9037 39.0331 38.7909 18.5951 27.2681 27.4087 37.4849 16.2167 34.221 ]
D = [ 701 747 862 1016 1120 1210 1300 1542 1559 1772 1757 2001 2070 2118 2254 2429 2553 2681 2760 2864 3013 3132 3170 3315 3464 3378 3248 2994 2857 2737 2544 2376 2337 2144 2013 2131 2387 2553 2644 2801 3062 2736 2582 2204 1963 1675 1509 1275 929 1075 1116 1215 1379 1467 1577 1614 1811 1900 2046 2044 2150 2239 2316 2412 2568 2627 2808 2900 2913 3132 3244 3231 3392 3275 3141 2949 2847 2576 2445 2278 2205 2013 1844 2023 2163 2346 2615 2849 3021 2729 2406 2130 1977 1630 1349 1098 ]
