n = 50 ; 
T = 96 ; 
Init = [ 1 1 0 0 0 0 1 0 1 0 0 0 1 0 1 0 0 0 1 0 1 0 1 0 1 1 1 1 1 1 1 0 1 1 1 1 1 0 0 0 1 0 0 0 0 0 0 0 0 1 ]
L = [ 14 14 14 14 14 9 9 9 9 5 5 9 9 9 9 14 14 14 14 14 6 6 6 6 6 9 9 9 9 9 7 13 16 16 16 16 16 14 14 14 14 14 10 10 10 10 4 4 4 4 ]
l = [ 14 14 14 14 14 9 9 9 9 5 5 9 9 9 9 14 14 14 14 14 6 6 6 6 6 9 9 9 9 9 7 13 16 16 16 16 16 14 14 14 14 14 10 10 10 10 4 4 4 4 ]
Pmin = [ 78 78 78 78 78 37 37 37 37 15 15 42 42 42 42 73 73 73 73 73 36 36 36 36 36 36 36 36 36 36 29 68 82 82 82 82 82 71 71 71 71 71 49 49 49 49 10 10 10 10 ]
Pmax = [ 304 304 304 304 304 145 145 145 145 43 43 156 156 156 156 287 287 287 287 287 109 109 109 109 109 136 136 136 136 136 94 257 336 336 336 336 336 289 289 289 289 289 196 196 196 196 29 29 29 29 ]
cf = [ 44.2447 44.2447 44.2447 44.2447 44.2447 18.5637 18.5637 18.5637 18.5637 58.2356 58.2356 40.7942 40.7942 40.7942 40.7942 38.0225 38.0225 38.0225 38.0225 38.0225 55.8094 55.8094 55.8094 55.8094 55.8094 69.2192 69.2192 69.2192 69.2192 69.2192 20.2385 35.1862 13.5203 13.5203 13.5203 13.5203 13.5203 23.9971 23.9971 23.9971 23.9971 23.9971 38.8317 38.8317 38.8317 38.8317 28.2697 28.2697 28.2697 28.2697 ]
c0 = [ 199 199 199 199 199 119 119 119 119 60 60 117 117 117 117 204 204 204 204 204 110 110 110 110 110 98 98 98 98 98 83 180 214 214 214 214 214 200 200 200 200 200 142 142 142 142 37 37 37 37 ]
cp = [ 26.2086 26.2086 26.2086 26.2086 26.2086 34.6651 34.6651 34.6651 34.6651 40.1093 40.1093 31.1179 31.1179 31.1179 31.1179 27.0573 27.0573 27.0573 27.0573 27.0573 40.2618 40.2618 40.2618 40.2618 40.2618 38.861 38.861 38.861 38.861 38.861 31.9135 27.8937 18.0431 18.0431 18.0431 18.0431 18.0431 16.5397 16.5397 16.5397 16.5397 16.5397 25.5913 25.5913 25.5913 25.5913 41.686 41.686 41.686 41.686 ]
D = [ 1686 1925 2001 2236 2628 2987 3249 3555 3664 4191 4307 4528 5048 5431 5470 5697 6218 6515 6536 7131 7257 7441 7993 7996 8496 7973 7777 7182 7115 6450 6314 5950 5613 4890 4851 5036 5554 5907 6489 6829 7044 6825 6092 5533 5033 4429 3809 3166 2468 2621 3037 3255 3585 3779 3926 3964 4395 4551 5003 5083 5197 5413 5591 6013 6014 6488 6705 7072 7024 7268 7721 7655 7866 7719 7478 7225 6950 6541 6263 5749 5642 5174 5026 5393 5639 6159 6712 7160 7609 6926 6144 5395 5077 4244 3689 3142 ]
