n = 50 ; 
T = 96 ; 
Init = [ 0 1 1 0 0 1 1 1 1 1 0 1 0 1 0 1 1 1 1 0 0 1 0 1 0 1 1 1 1 1 0 1 0 1 1 0 1 0 0 0 1 0 1 1 1 1 1 0 0 0 ]
L = [ 9 9 9 9 9 17 19 19 19 17 17 17 12 12 12 12 12 12 12 8 8 8 15 15 15 9 8 8 8 5 5 5 18 12 8 8 8 8 17 17 17 19 19 19 19 9 9 9 13 13 ]
l = [ 9 9 9 9 9 17 19 19 19 17 17 17 12 12 12 12 12 12 12 8 8 8 15 15 15 9 8 8 8 5 5 5 18 12 8 8 8 8 17 17 17 19 19 19 19 9 9 9 13 13 ]
Pmin = [ 51 51 51 51 51 87 100 100 100 90 90 90 61 61 60 60 60 60 60 42 42 42 76 76 76 51 44 44 44 27 27 27 100 58 42 42 42 42 95 95 95 100 100 100 100 50 50 50 74 74 ]
Pmax = [ 172 172 172 172 172 352 408 408 408 356 356 356 240 240 237 237 237 237 237 148 148 148 317 317 317 168 139 139 139 77 77 77 412 238 150 150 150 150 378 378 378 420 420 420 420 182 182 182 280 280 ]
cf = [ 41.5906 41.5906 41.5906 41.5906 41.5906 55.1289 32.0079 32.0079 32.0079 27.1712 27.1712 27.1712 48.6703 48.6703 62.716 62.716 62.716 62.716 62.716 38.2206 38.2206 38.2206 66.5329 66.5329 66.5329 68.9922 48.1831 48.1831 48.1831 27.187 27.187 27.187 69.0578 27.6956 33.2167 33.2167 33.2167 33.2167 32.1043 32.1043 32.1043 52.5341 52.5341 52.5341 52.5341 54.351 54.351 54.351 37.261 37.261 ]
c0 = [ 144 144 144 144 144 234 250 250 250 241 241 241 163 163 170 170 170 170 170 124 124 124 204 204 204 139 136 136 136 81 81 81 250 154 115 115 115 115 238 238 238 250 250 250 250 143 143 143 200 200 ]
cp = [ 32.6166 32.6166 32.6166 32.6166 32.6166 14.6699 14.0626 14.0626 14.0626 22.8304 22.8304 22.8304 28.3662 28.3662 19.7244 19.7244 19.7244 19.7244 19.7244 27.4022 27.4022 27.4022 18.6628 18.6628 18.6628 21.3374 27.1884 27.1884 27.1884 40.1942 40.1942 40.1942 11.1014 19.9562 36.4542 36.4542 36.4542 36.4542 13.196 13.196 13.196 17.3187 17.3187 17.3187 17.3187 34.6767 34.6767 34.6767 18.9239 18.9239 ]
D = [ 1762 2374 2733 3081 3278 3346 3958 4449 4816 5028 5290 5635 6042 6372 6914 7048 7771 7862 8046 8843 9013 9238 9782 10043 10663 9769 9776 9186 8919 8050 7747 7368 7237 6447 6057 6721 7083 7902 8212 8581 9253 8695 7793 7256 6183 5463 5186 4476 3566 3784 3981 4436 4604 5125 5256 5468 5629 6295 6318 6603 6821 6979 7581 7604 8027 8468 8634 8739 9004 9358 9601 9872 10190 9703 9452 8811 8292 8074 7570 7203 6434 6328 5648 6232 6864 7502 8015 8523 9057 8126 7451 6736 6164 5322 4832 4397 ]
