n = 50 ; 
T = 96 ; 
Init = [ 1 0 0 0 0 1 1 0 0 0 0 0 0 0 1 0 0 1 0 1 0 1 0 0 1 0 0 1 0 0 0 1 0 0 0 0 0 1 0 0 1 1 1 1 1 0 1 1 0 1 ]
L = [ 16 16 7 8 15 15 11 6 5 19 19 7 9 15 7 17 16 13 9 9 6 5 14 12 10 5 19 13 15 5 17 17 11 10 19 7 10 16 16 4 6 5 17 11 12 8 10 18 13 17 ]
l = [ 16 16 7 8 15 15 11 6 5 19 19 7 9 15 7 17 16 13 9 9 6 5 14 12 10 5 19 13 15 5 17 17 11 10 19 7 10 16 16 4 6 5 17 11 12 8 10 18 13 17 ]
Pmin = [ 93 85 39 43 77 81 61 28 23 100 97 38 49 73 35 86 83 65 46 51 30 13 77 63 51 32 100 74 80 27 90 94 55 55 100 32 48 86 89 13 30 26 99 56 69 46 52 90 65 88 ]
Pmax = [ 360 331 133 146 315 304 228 90 60 420 402 128 166 300 128 353 336 252 179 173 89 39 303 234 183 85 415 285 331 82 374 361 219 198 420 116 173 359 351 39 108 70 388 228 252 147 205 370 256 355 ]
cf = [ 33.1685 15.1924 49.9273 38.5357 54.144 48.6606 32.8323 25.2945 59.0408 35.4428 15.1754 27.355 34.5424 67.2365 17.8438 54.794 30.677 69.6204 32.9833 54.0153 29.6324 35.7345 41.6213 30.4253 52.4639 63.037 52.6699 51.0929 68.2039 64.1385 32.8734 31.3723 9.33092 12.8007 62.9081 56.4749 54.4613 25.7403 11.7694 43.502 54.1831 19.9448 63.8571 18.7255 17.1813 11.7009 66.5195 40.8582 11.3213 29.5028 ]
c0 = [ 250 236 113 121 208 225 163 98 78 250 250 116 132 197 102 232 227 184 137 139 104 62 196 175 155 108 250 192 203 93 238 250 160 162 250 97 143 232 233 51 85 92 247 151 183 128 157 227 171 237 ]
cp = [ 18.0203 14.4062 39.5328 36.0865 17.6994 16.3435 27.2385 37.8272 39.4668 14.2903 11.3358 30.3659 34.0219 17.5578 37.8217 10.8525 19.6098 27.3907 32.6498 37.8474 40.5321 41.2382 21.5856 17.462 26.3126 40.1736 10.1793 20.306 20.9139 38.8521 16.9685 17.2222 24.3541 27.5575 12.3608 32.4706 29.3753 16.226 16.6066 41.4767 38.5664 39.1442 11.7046 26.8098 30.8754 35.5803 29.7325 13.4261 24.8616 21.2367 ]
D = [ 1482 1951 2243 2494 3087 3350 3830 3955 4515 5021 5510 5566 6058 6338 6750 7014 7372 7993 8576 8606 9215 9302 9730 10153 10482 10159 9666 9178 8575 8091 7588 7320 6465 6328 5471 6324 6651 7389 7984 8488 8892 8340 7265 6981 5869 5280 4421 3741 3188 3656 3657 4312 4331 4800 4895 5386 5395 5722 6314 6687 6656 7103 7262 7885 7930 8508 8538 8741 8956 9414 9674 10012 10323 9816 9258 8824 8451 8023 7346 6697 6439 5921 5173 6038 6183 6634 7236 7549 8028 7342 6604 6086 5549 4671 4021 3230 ]
