n = 50 ; 
T = 96 ; 
Init = [ 0 1 0 1 1 1 1 1 1 0 1 0 0 1 1 1 1 0 1 0 1 0 0 0 1 0 1 0 1 0 0 1 0 0 0 1 0 1 0 1 1 1 1 1 0 0 1 1 1 0 ]
L = [ 4 7 9 9 16 10 10 10 17 17 17 17 17 15 15 15 15 15 17 17 11 13 13 13 5 14 14 6 6 6 13 13 13 13 13 6 6 6 16 4 4 4 4 7 7 7 15 15 15 15 ]
l = [ 4 7 9 9 16 10 10 10 17 17 17 17 17 15 15 15 15 15 17 17 11 13 13 13 5 14 14 6 6 6 13 13 13 13 13 6 6 6 16 4 4 4 4 7 7 7 15 15 15 15 ]
Pmin = [ 13 36 39 39 87 55 55 55 93 93 93 93 92 86 86 86 86 86 92 92 53 71 71 71 24 72 72 31 31 31 69 69 69 69 69 25 25 25 91 19 19 19 19 36 36 36 81 81 81 81 ]
Pmax = [ 34 100 147 147 329 186 186 186 372 372 372 372 351 321 321 321 321 321 350 350 217 259 259 259 80 277 277 83 83 83 260 260 260 260 260 87 87 87 359 44 44 44 44 129 129 129 319 319 319 319 ]
cf = [ 8.96599 68.6887 38.5725 38.5725 59.2009 61.6131 61.6131 61.6131 15.3976 15.3976 15.3976 15.3976 29.3039 32.4043 32.4043 32.4043 32.4043 32.4043 18.3313 18.3313 16.93 17.9409 17.9409 17.9409 66.0621 52.0608 52.0608 14.6384 14.6384 14.6384 30.0789 30.0789 30.0789 30.0789 30.0789 64.3055 64.3055 64.3055 29.8752 41.5671 41.5671 41.5671 41.5671 47.3055 47.3055 47.3055 58.1615 58.1615 58.1615 58.1615 ]
c0 = [ 59 100 118 118 234 149 149 149 250 250 250 250 242 220 220 220 220 220 244 244 145 185 185 185 87 189 189 90 90 90 183 183 183 183 183 73 73 73 232 59 59 59 59 113 113 113 205 205 205 205 ]
cp = [ 41.7969 39.675 29.555 29.555 24.7532 29.405 29.405 29.405 15.898 15.898 15.898 15.898 25.77 14.367 14.367 14.367 14.367 14.367 21.5855 21.5855 30.3822 28.3555 28.3555 28.3555 40.5606 15.6675 15.6675 40.6678 40.6678 40.6678 17.0006 17.0006 17.0006 17.0006 17.0006 38.5698 38.5698 38.5698 10.2635 41.786 41.786 41.786 41.786 24.3606 24.3606 24.3606 29.4945 29.4945 29.4945 29.4945 ]
D = [ 1833 2131 2353 2871 3189 3279 3520 3834 4197 4810 4833 5058 5729 5983 6091 6298 6774 7198 7268 7869 7930 8394 8499 8817 9328 8691 8628 7846 7740 7070 6791 6324 6070 5704 5445 5608 6286 6367 6962 7265 7649 7316 6464 6140 5324 4697 3843 3192 2567 3164 3349 3474 3982 4214 4635 4875 5230 5158 5546 5937 6435 6551 6759 6903 7180 7684 7777 8356 8643 8620 9019 9314 9500 9143 8820 8234 7726 7278 6814 6378 6239 5672 5073 5718 6087 6611 7209 7645 8236 7728 7063 6231 5552 5233 4258 3568 ]
