n = 50 ; 
T = 96 ; 
Init = [ 0 1 0 1 0 1 1 0 0 0 0 0 1 0 1 1 1 1 1 1 1 1 0 1 1 0 0 1 1 0 0 0 0 0 1 0 0 0 1 0 0 1 0 1 1 1 0 1 1 0 ]
L = [ 17 17 17 17 5 5 5 5 6 6 6 6 6 6 6 6 6 19 19 19 19 19 17 17 17 7 5 5 6 6 6 6 10 10 10 14 14 14 16 19 19 9 19 5 5 12 12 10 10 10 ]
l = [ 17 17 17 17 5 5 5 5 6 6 6 6 6 6 6 6 6 19 19 19 19 19 17 17 17 7 5 5 6 6 6 6 10 10 10 14 14 14 16 19 19 9 19 5 5 12 12 10 10 10 ]
Pmin = [ 85 85 85 85 25 25 25 25 29 29 29 29 29 27 27 27 27 100 100 100 100 100 96 89 89 28 26 26 28 28 28 28 57 57 57 69 69 69 85 100 100 48 100 28 28 64 64 52 52 52 ]
Pmax = [ 353 353 353 353 57 57 57 57 112 112 112 112 112 79 79 79 79 417 417 417 417 417 369 367 367 97 67 67 87 87 87 87 214 214 214 272 272 272 346 420 420 164 420 67 67 238 238 196 196 196 ]
cf = [ 55.4655 55.4655 55.4655 55.4655 25.829 25.829 25.829 25.829 17.2046 17.2046 17.2046 17.2046 17.2046 42.2355 42.2355 42.2355 42.2355 27.3435 27.3435 27.3435 27.3435 27.3435 63.0912 35.2892 35.2892 45.3993 24.014 24.014 33.9514 33.9514 33.9514 33.9514 53.3303 53.3303 53.3303 49.8168 49.8168 49.8168 61.3325 38.4722 38.4722 39.2597 29.4687 18.3308 18.3308 11.0611 11.0611 42.1293 42.1293 42.1293 ]
c0 = [ 225 225 225 225 85 85 85 85 90 90 90 90 90 76 76 76 76 250 250 250 250 250 250 240 240 98 90 90 100 100 100 100 146 146 146 183 183 183 221 250 250 144 250 91 91 169 169 143 143 143 ]
cp = [ 18.827 18.827 18.827 18.827 36.7457 36.7457 36.7457 36.7457 37.1051 37.1051 37.1051 37.1051 37.1051 33.4735 33.4735 33.4735 33.4735 10.8926 10.8926 10.8926 10.8926 10.8926 11.6889 16.649 16.649 38.6992 37.5883 37.5883 37.8322 37.8322 37.8322 37.8322 36.1716 36.1716 36.1716 19.3109 19.3109 19.3109 12.7607 14.3764 14.3764 31.8814 10.0578 41.5401 41.5401 15.2069 15.2069 35.9469 35.9469 35.9469 ]
D = [ 1709 1917 2557 2656 2891 3169 3690 3770 4315 4379 4879 5182 5435 5761 5888 6190 6408 6898 7224 7410 7701 8058 8147 8578 8919 8441 8011 7507 7285 6910 6517 6256 5795 5338 4882 5576 5906 6480 6549 7129 7475 7173 6364 5681 5412 4847 4172 3417 3186 3348 3624 3680 4203 4356 4569 4687 4826 5158 5606 5668 5924 6232 6614 6610 6977 7105 7437 7657 7953 8169 8275 8574 8681 8389 8266 7677 7501 6750 6561 6298 5879 5314 4865 5479 5575 6259 6338 6744 7107 6863 6148 5583 4994 4419 4022 3147 ]
