n = 50 ; 
T = 96 ; 
Init = [ 1 1 1 1 0 0 1 0 0 1 1 1 1 1 0 0 1 1 0 1 0 0 0 1 1 0 0 0 1 0 1 0 1 0 0 1 1 1 1 1 1 1 0 0 0 0 1 1 1 1 ]
L = [ 9 9 9 9 9 13 12 12 12 12 10 10 10 10 4 4 5 5 5 5 10 10 10 10 10 12 19 15 15 15 15 15 15 15 17 18 18 18 18 18 4 4 4 13 13 13 13 13 19 19 ]
l = [ 9 9 9 9 9 13 12 12 12 12 10 10 10 10 4 4 5 5 5 5 10 10 10 10 10 12 19 15 15 15 15 15 15 15 17 18 18 18 18 18 4 4 4 13 13 13 13 13 19 19 ]
Pmin = [ 49 49 49 49 49 63 62 62 62 62 48 48 51 51 25 25 27 27 27 27 61 61 61 61 61 69 100 77 77 77 77 77 86 86 91 100 100 100 100 100 23 23 23 66 66 66 66 66 100 100 ]
Pmax = [ 172 172 172 172 172 257 237 237 237 237 159 159 204 204 68 68 87 87 87 87 215 215 215 215 215 260 414 293 293 293 293 293 326 326 362 414 414 414 414 414 65 65 65 253 253 253 253 253 396 396 ]
cf = [ 15.1221 15.1221 15.1221 15.1221 15.1221 68.1788 38.8956 38.8956 38.8956 38.8956 44.4332 44.4332 27.8201 27.8201 26.979 26.979 17.3765 17.3765 17.3765 17.3765 42.8737 42.8737 42.8737 42.8737 42.8737 28.8161 54.5202 63.536 63.536 63.536 63.536 63.536 14.6937 14.6937 14.7388 17.3699 17.3699 17.3699 17.3699 17.3699 41.5432 41.5432 41.5432 13.6566 13.6566 13.6566 13.6566 13.6566 38.637 38.637 ]
c0 = [ 146 146 146 146 146 183 173 173 173 173 140 140 135 135 75 75 83 83 83 83 166 166 166 166 166 190 250 213 213 213 213 213 226 226 245 250 250 250 250 250 82 82 82 173 173 173 173 173 250 250 ]
cp = [ 30.5324 30.5324 30.5324 30.5324 30.5324 27.5393 18.7858 18.7858 18.7858 18.7858 31.8369 31.8369 25.4523 25.4523 41.0095 41.0095 39.4912 39.4912 39.4912 39.4912 23.7026 23.7026 23.7026 23.7026 23.7026 25.118 17.1673 28.4784 28.4784 28.4784 28.4784 28.4784 15.5774 15.5774 13.6457 14.6322 14.6322 14.6322 14.6322 14.6322 41.5607 41.5607 41.5607 16.1919 16.1919 16.1919 16.1919 16.1919 13.8776 13.8776 ]
D = [ 1492 1684 2427 2481 2989 3322 3646 3897 4203 4586 5076 5235 5670 6330 6527 6912 7016 7316 7753 8214 8636 8845 9460 9729 10048 9716 8990 8791 8500 7897 7665 7005 6700 6404 5905 6525 6525 7223 7289 7700 7974 7669 6923 6315 5864 4965 4391 4150 3290 3684 3921 4110 4633 5072 5370 5690 5841 5880 6295 6551 6947 7159 7502 7772 8137 8523 8700 8902 9141 9763 10114 10051 10698 10155 9402 8909 8378 8257 7734 7025 6542 5957 5593 5905 6486 7146 7936 8368 8768 7930 7032 6697 5772 4918 4098 3239 ]
