n = 50 ; 
T = 96 ; 
Init = [ 1 1 1 0 1 0 1 0 1 0 0 1 0 0 0 0 1 1 1 1 0 1 1 1 1 1 0 1 1 1 0 0 0 1 0 1 0 0 1 1 0 1 0 0 1 1 0 0 0 1 ]
L = [ 7 7 18 18 18 18 18 4 4 4 4 11 11 11 11 11 16 16 16 16 15 15 15 15 15 18 10 10 10 14 14 10 19 19 18 18 18 18 18 18 18 18 13 13 13 12 12 12 12 11 ]
l = [ 7 7 18 18 18 18 18 4 4 4 4 11 11 11 11 11 16 16 16 16 15 15 15 15 15 18 10 10 10 14 14 10 19 19 18 18 18 18 18 18 18 18 13 13 13 12 12 12 12 11 ]
Pmin = [ 37 37 92 92 92 92 92 17 17 17 17 57 57 57 57 57 87 87 87 87 80 80 80 80 80 94 53 53 53 70 70 42 100 100 100 100 100 100 100 92 92 92 71 71 71 63 63 63 63 53 ]
Pmax = [ 130 130 371 371 371 371 371 52 52 52 52 228 228 228 228 228 335 335 335 335 317 317 317 317 317 379 193 193 193 279 279 166 420 420 399 399 399 399 399 373 373 373 262 262 262 237 237 237 237 206 ]
cf = [ 32.5811 32.5811 33.6524 33.6524 33.6524 33.6524 33.6524 56.6965 56.6965 56.6965 56.6965 26.7652 26.7652 26.7652 26.7652 26.7652 22.9669 22.9669 22.9669 22.9669 41.8949 41.8949 41.8949 41.8949 41.8949 65.1921 29.7879 29.7879 29.7879 27.7754 27.7754 15.408 67.8666 67.8666 34.3547 34.3547 34.3547 34.3547 34.3547 49.8871 49.8871 49.8871 18.485 18.485 18.485 27.4305 27.4305 27.4305 27.4305 9.21897 ]
c0 = [ 106 106 243 243 243 243 243 68 68 68 68 164 164 164 164 164 220 220 220 220 211 211 211 211 211 249 146 146 146 193 193 114 250 250 250 250 250 250 250 232 232 232 181 181 181 169 169 169 169 140 ]
cp = [ 28.0842 28.0842 13.4455 13.4455 13.4455 13.4455 13.4455 40.7468 40.7468 40.7468 40.7468 18.5885 18.5885 18.5885 18.5885 18.5885 13.9958 13.9958 13.9958 13.9958 19.134 19.134 19.134 19.134 19.134 16.0978 29.7097 29.7097 29.7097 35.0119 35.0119 19.1523 11.3877 11.3877 12.4426 12.4426 12.4426 12.4426 12.4426 14.2452 14.2452 14.2452 26.2468 26.2468 26.2468 28.9112 28.9112 28.9112 28.9112 36.629 ]
D = [ 2375 2782 3386 3725 3890 4511 4415 5219 5324 6074 6175 6816 6950 7090 7963 8004 8619 9091 9293 9434 10318 10217 10809 11263 11478 11322 10597 10003 9618 9257 8793 8528 8190 7403 7094 7470 7853 8538 8792 9438 9947 9152 8206 7156 6659 5660 4809 4001 3474 3781 3826 4474 4512 4962 5139 5814 6257 6626 6877 6990 7506 7656 8218 8401 8870 9061 9818 9780 10399 10937 11234 11685 11662 11147 10683 10164 9971 9385 8721 8517 7878 7443 6985 7666 8419 8877 9332 10169 10638 9972 9010 8083 7208 5907 5346 4039 ]
