n = 50 ; 
T = 96 ; 
Init = [ 1 0 0 0 1 0 1 1 0 1 0 0 1 1 1 1 0 0 1 1 1 1 0 0 0 1 1 1 0 0 1 0 1 1 0 0 1 1 0 0 1 0 0 0 1 0 0 1 0 1 ]
L = [ 10 10 4 6 6 6 16 16 6 6 6 6 6 11 11 11 11 6 6 6 6 13 9 9 9 9 9 11 15 15 15 15 15 18 18 18 15 10 10 10 10 9 9 9 12 4 4 7 7 11 ]
l = [ 10 10 4 6 6 6 16 16 6 6 6 6 6 11 11 11 11 6 6 6 6 13 9 9 9 9 9 11 15 15 15 15 15 18 18 18 15 10 10 10 10 9 9 9 12 4 4 7 7 11 ]
Pmin = [ 55 55 19 30 30 30 82 82 25 25 25 23 23 57 57 57 57 35 35 35 35 69 39 39 39 39 42 61 83 83 83 83 83 98 98 98 83 52 52 52 52 48 48 48 64 18 18 37 37 57 ]
Pmax = [ 201 201 40 89 89 89 324 324 92 92 92 83 83 225 225 225 225 96 96 96 96 250 153 153 153 153 162 232 314 314 314 314 314 392 392 392 318 180 180 180 180 179 179 179 256 45 45 110 110 230 ]
cf = [ 67.4582 67.4582 22.7722 39.3042 39.3042 39.3042 40.7172 40.7172 12.3905 12.3905 12.3905 42.961 42.961 43.6066 43.6066 43.6066 43.6066 35.6 35.6 35.6 35.6 62.4847 37.8063 37.8063 37.8063 37.8063 43.1658 64.0245 18.5872 18.5872 18.5872 18.5872 18.5872 39.3606 39.3606 39.3606 59.866 43.9178 43.9178 43.9178 43.9178 69.8202 69.8202 69.8202 66.6634 61.9638 61.9638 16.5804 16.5804 66.4112 ]
c0 = [ 160 160 74 102 102 102 224 224 83 83 83 71 71 166 166 166 166 109 109 109 109 196 109 109 109 109 130 171 210 210 210 210 210 250 250 250 210 145 145 145 145 140 140 140 177 76 76 112 112 168 ]
cp = [ 28.0071 28.0071 35.0112 40.497 40.497 40.497 18.3253 18.3253 35.2478 35.2478 35.2478 38.2027 38.2027 20.7487 20.7487 20.7487 20.7487 30.5241 30.5241 30.5241 30.5241 21.734 22.0994 22.0994 22.0994 22.0994 38.7323 33.4706 15.1903 15.1903 15.1903 15.1903 15.1903 17.5658 17.5658 17.5658 15.1305 31.7227 31.7227 31.7227 31.7227 33.6473 33.6473 33.6473 29.4558 41.89 41.89 26.2491 26.2491 33.2772 ]
D = [ 1504 1813 1867 2262 2443 2941 3338 3419 3744 3877 4228 4579 4984 5247 5577 5686 6081 6422 6715 6982 7090 7686 7733 8120 8277 8106 7456 7129 6845 6525 5834 5510 5210 4645 4428 4869 5364 5743 5977 6507 7092 6387 5979 5319 4950 4222 3742 3118 2536 2912 3026 3143 3635 3826 4062 4277 4180 4498 4817 4920 5062 5377 5529 5966 6068 6304 6519 6832 6852 7321 7458 7666 7848 7709 7228 6923 6330 6268 5626 5420 5153 4766 4456 4807 5097 5511 5856 6191 6701 5832 5459 4940 4165 3724 3060 2529 ]
