n = 50 ; 
T = 96 ; 
Init = [ 1 1 1 1 0 0 1 1 1 1 1 1 1 1 0 1 1 0 0 1 1 1 0 0 1 1 0 0 0 1 1 0 0 0 1 0 0 0 1 0 0 1 1 1 0 1 1 1 0 1 ]
L = [ 9 9 9 9 9 9 6 6 18 18 18 14 14 14 14 14 7 16 16 16 16 13 13 4 4 4 8 8 8 8 10 10 10 10 10 10 19 19 19 19 11 11 11 11 11 10 12 20 20 20 ]
l = [ 9 9 9 9 9 9 6 6 18 18 18 14 14 14 14 14 7 16 16 16 16 13 13 4 4 4 8 8 8 8 10 10 10 10 10 10 19 19 19 19 11 11 11 11 11 10 12 20 20 20 ]
Pmin = [ 41 41 45 45 45 45 36 36 100 100 100 79 79 79 79 79 38 84 84 84 84 63 63 17 17 17 49 49 49 49 52 52 52 56 56 56 100 100 100 100 60 60 60 60 60 45 57 100 100 100 ]
Pmax = [ 139 139 163 163 163 163 104 104 404 404 404 296 296 296 296 296 121 312 312 312 312 257 257 29 29 29 158 158 158 158 197 197 197 200 200 200 420 420 420 420 234 234 234 234 234 168 228 420 420 420 ]
cf = [ 40.6415 40.6415 34.0249 34.0249 34.0249 34.0249 10.5165 10.5165 11.7037 11.7037 11.7037 30.1149 30.1149 30.1149 30.1149 30.1149 38.371 10.6754 10.6754 10.6754 10.6754 25.5018 25.5018 18.5796 18.5796 18.5796 24.1727 24.1727 24.1727 24.1727 10.2573 10.2573 10.2573 22.5086 22.5086 22.5086 18.2416 18.2416 18.2416 18.2416 18.3296 18.3296 18.3296 18.3296 18.3296 52.1588 48.5349 36.6708 36.6708 36.6708 ]
c0 = [ 123 123 127 127 127 127 106 106 250 250 250 204 204 204 204 204 102 231 231 231 231 170 170 60 60 60 135 135 135 135 154 154 154 161 161 161 250 250 250 250 174 174 174 174 174 123 155 250 250 250 ]
cp = [ 38.2697 38.2697 30.5412 30.5412 30.5412 30.5412 40.1547 40.1547 10.5521 10.5521 10.5521 18.513 18.513 18.513 18.513 18.513 36.8602 19.3272 19.3272 19.3272 19.3272 25.4453 25.4453 41.966 41.966 41.966 30.2578 30.2578 30.2578 30.2578 28.3887 28.3887 28.3887 31.3603 31.3603 31.3603 10.3965 10.3965 10.3965 10.3965 31.4319 31.4319 31.4319 31.4319 31.4319 33.7897 22.009 10.8967 10.8967 10.8967 ]
D = [ 1666 2164 2548 2723 3411 3400 4125 4439 4453 5085 5503 5678 5810 6594 6572 7089 7344 7958 8015 8646 8961 9277 9789 10184 10165 9650 9436 9149 8663 8271 7482 7483 6764 6472 5823 6295 6964 7074 7505 7831 8685 7622 7147 6689 5585 5200 4434 3698 3326 3210 3618 4186 4292 4382 4901 5053 5259 5748 6087 6437 6715 6636 7232 7198 7596 8097 8495 8495 8718 9324 9354 9858 9896 9628 9036 8915 8383 7820 7728 7089 6592 6154 5798 6408 6590 7285 7293 7864 8295 7816 6976 6391 6015 5486 4583 4319 ]
