n = 50 ; 
T = 96 ; 
Init = [ 1 0 1 1 0 0 0 0 1 0 0 0 1 1 1 0 0 1 0 1 0 1 0 1 1 1 0 0 1 1 1 1 0 0 0 0 1 0 0 0 0 0 1 0 0 0 0 0 0 0 ]
L = [ 8 14 14 14 14 14 5 5 19 6 10 10 10 5 5 5 5 5 18 18 18 9 9 9 9 9 14 18 18 5 10 10 17 17 17 18 18 18 18 18 12 12 10 10 20 20 20 12 12 12 ]
l = [ 8 14 14 14 14 14 5 5 19 6 10 10 10 5 5 5 5 5 18 18 18 9 9 9 9 9 14 18 18 5 10 10 17 17 17 18 18 18 18 18 12 12 10 10 20 20 20 12 12 12 ]
Pmin = [ 41 75 75 75 75 75 29 29 100 31 44 44 44 27 27 27 27 27 95 95 95 54 54 54 54 54 71 100 100 18 49 49 94 94 94 100 100 100 100 100 61 61 52 52 100 100 100 66 66 66 ]
Pmax = [ 139 299 299 299 299 299 79 79 420 86 170 170 170 63 63 63 63 63 379 379 379 185 185 185 185 185 265 385 385 60 191 191 384 384 384 393 393 393 393 393 245 245 207 207 420 420 420 240 240 240 ]
cf = [ 33.3677 30.0724 30.0724 30.0724 30.0724 30.0724 50.9696 50.9696 32.0961 31.904 67.7173 67.7173 67.7173 45.2427 45.2427 45.2427 45.2427 45.2427 51.7425 51.7425 51.7425 67.4649 67.4649 67.4649 67.4649 67.4649 16.5939 14.4287 14.4287 38.1204 39.3486 39.3486 10.2433 10.2433 10.2433 11.8108 11.8108 11.8108 11.8108 11.8108 64.6175 64.6175 12.0851 12.0851 19.6619 19.6619 19.6619 69.071 69.071 69.071 ]
c0 = [ 127 203 203 203 203 203 81 81 250 86 128 128 128 90 90 90 90 90 243 243 243 147 147 147 147 147 195 250 250 72 132 132 245 245 245 250 250 250 250 250 175 175 157 157 250 250 250 177 177 177 ]
cp = [ 35.1206 26.374 26.374 26.374 26.374 26.374 40.4721 40.4721 8.45177 37.9621 27.8329 27.8329 27.8329 38.0038 38.0038 38.0038 38.0038 38.0038 15.0672 15.0672 15.0672 31.2698 31.2698 31.2698 31.2698 31.2698 18.5877 16.2188 16.2188 31.4505 29.0852 29.0852 13.2791 13.2791 13.2791 11.2579 11.2579 11.2579 11.2579 11.2579 20.4313 20.4313 34.2684 34.2684 10.9073 10.9073 10.9073 25.9501 25.9501 25.9501 ]
D = [ 2404 2656 3021 3515 3839 4017 4618 4738 5192 5572 5832 6071 6508 7223 7297 7915 8199 8582 8584 8937 9402 9780 10122 10751 11075 10447 10096 9154 8902 8292 7680 7604 6895 6297 5873 6101 6784 7085 7572 8356 8686 7983 7557 6874 6044 5341 4924 4026 3637 3805 3977 4374 4694 4915 5561 5772 5883 6466 6469 6973 7144 7402 7635 8134 8414 8969 8843 9544 9818 10134 10150 10354 10888 10368 9772 9411 9119 8599 8132 7568 7400 6801 6327 6553 7228 7474 8095 8576 8609 8251 7273 6494 5598 5039 4453 3532 ]
