n = 50 ; 
T = 96 ; 
Init = [ 0 0 0 0 0 0 0 1 1 1 1 0 0 1 1 0 1 0 0 0 0 0 0 1 1 0 1 1 0 0 1 1 0 1 1 1 0 1 0 1 1 1 1 1 0 1 1 1 1 1 ]
L = [ 6 6 5 5 5 5 5 13 13 13 13 12 12 12 12 16 16 16 13 13 13 13 9 9 9 9 11 17 13 13 13 5 5 5 5 5 5 14 6 6 6 6 6 12 12 12 12 12 19 19 ]
l = [ 6 6 5 5 5 5 5 13 13 13 13 12 12 12 12 16 16 16 13 13 13 13 9 9 9 9 11 17 13 13 13 5 5 5 5 5 5 14 6 6 6 6 6 12 12 12 12 12 19 19 ]
Pmin = [ 24 24 16 16 16 16 16 70 70 70 70 69 69 69 69 82 82 82 72 72 72 72 48 48 48 48 51 92 71 71 71 22 22 22 22 27 18 70 24 24 24 24 24 56 56 56 56 56 93 99 ]
Pmax = [ 83 83 52 52 52 52 52 271 271 271 271 251 251 251 251 333 333 333 262 262 262 262 169 169 169 169 205 379 285 285 285 44 44 44 44 70 53 280 81 81 81 81 81 224 224 224 224 224 388 405 ]
cf = [ 10.204 10.204 47.7465 47.7465 47.7465 47.7465 47.7465 36.584 36.584 36.584 36.584 40.6354 40.6354 40.6354 40.6354 40.6868 40.6868 40.6868 50.5468 50.5468 50.5468 50.5468 55.5086 55.5086 55.5086 55.5086 37.0703 19.6875 56.5584 56.5584 56.5584 53.7982 53.7982 53.7982 53.7982 38.9241 63.6325 27.673 27.681 27.681 27.681 27.681 27.681 58.0043 58.0043 58.0043 58.0043 58.0043 37.2736 47.916 ]
c0 = [ 70 70 57 57 57 57 57 191 191 191 191 193 193 193 193 219 219 219 194 194 194 194 130 130 130 130 138 246 186 186 186 75 75 75 75 81 62 196 73 73 73 73 73 156 156 156 156 156 241 249 ]
cp = [ 39.1262 39.1262 36.2463 36.2463 36.2463 36.2463 36.2463 21.2575 21.2575 21.2575 21.2575 35.0005 35.0005 35.0005 35.0005 16.0976 16.0976 16.0976 37.2258 37.2258 37.2258 37.2258 35.5479 35.5479 35.5479 35.5479 26.878 24.1379 21.3992 21.3992 21.3992 40.4131 40.4131 40.4131 40.4131 41.7077 38.639 13.102 39.3063 39.3063 39.3063 39.3063 39.3063 15.2665 15.2665 15.2665 15.2665 15.2665 10.7801 10.759 ]
D = [ 1123 1420 1779 2148 2239 2758 2946 3444 3607 3916 4111 4653 4773 5061 5506 5704 6299 6632 6821 7133 7512 7691 7898 8202 8799 8243 7726 7560 6809 6432 5957 5733 5336 4903 4365 4900 5095 5586 5936 6344 6461 6176 5561 4968 4287 3801 3455 3053 2397 2749 2824 3321 3589 3562 3739 4060 4356 4739 5095 5023 5298 5829 5957 6363 6517 6692 6853 7242 7321 7775 8003 8116 8377 8059 7559 7202 6996 6609 6159 5590 5301 4673 4348 4897 5179 5600 6218 6543 6727 6455 5827 5041 4679 3926 3292 2831 ]
