n = 50 ; 
T = 96 ; 
Init = [ 1 1 0 0 0 0 1 0 1 0 0 1 0 0 1 1 1 0 0 1 1 1 0 0 0 1 0 1 0 0 1 1 1 0 1 0 0 0 0 1 1 0 0 1 0 0 0 1 0 0 ]
L = [ 5 5 5 5 5 14 14 5 5 5 5 14 14 14 8 8 8 8 5 5 5 5 5 13 13 14 14 14 14 16 18 18 18 14 13 13 16 16 16 16 6 6 4 4 4 18 18 18 18 18 ]
l = [ 5 5 5 5 5 14 14 5 5 5 5 14 14 14 8 8 8 8 5 5 5 5 5 13 13 14 14 14 14 16 18 18 18 14 13 13 16 16 16 16 6 6 4 4 4 18 18 18 18 18 ]
Pmin = [ 16 16 16 16 16 76 76 29 29 29 29 72 79 79 41 41 41 41 23 23 23 23 23 72 72 68 68 68 68 86 92 92 92 75 65 65 90 90 90 90 22 22 16 16 16 97 97 97 97 97 ]
Pmax = [ 54 54 54 54 54 277 277 88 88 88 88 283 298 298 127 127 127 127 83 83 83 83 83 291 291 267 267 267 267 330 380 380 380 292 256 256 358 358 358 358 62 62 54 54 54 394 394 394 394 394 ]
cf = [ 43.9385 43.9385 43.9385 43.9385 43.9385 16.9166 16.9166 69.2456 69.2456 69.2456 69.2456 42.8456 11.2272 11.2272 66.2961 66.2961 66.2961 66.2961 40.2982 40.2982 40.2982 40.2982 40.2982 52.1495 52.1495 18.0788 18.0788 18.0788 18.0788 60.1808 64.4577 64.4577 64.4577 23.8624 58.9135 58.9135 63.5569 63.5569 63.5569 63.5569 35.3311 35.3311 54.5328 54.5328 54.5328 47.739 47.739 47.739 47.739 47.739 ]
c0 = [ 63 63 63 63 63 209 209 83 83 83 83 204 217 217 112 112 112 112 71 71 71 71 71 195 195 195 195 195 195 235 234 234 234 209 181 181 240 240 240 240 74 74 66 66 66 250 250 250 250 250 ]
cp = [ 40.2259 40.2259 40.2259 40.2259 40.2259 21.2706 21.2706 37.5828 37.5828 37.5828 37.5828 15.5745 23.096 23.096 29.7544 29.7544 29.7544 29.7544 38.681 38.681 38.681 38.681 38.681 20.1088 20.1088 12.3492 12.3492 12.3492 12.3492 18.9699 10.6075 10.6075 10.6075 21.8944 29.4466 29.4466 15.0715 15.0715 15.0715 15.0715 34.469 34.469 41.9141 41.9141 41.9141 10.9191 10.9191 10.9191 10.9191 10.9191 ]
D = [ 1750 2394 2396 2970 3193 3487 3878 3823 4236 4374 4685 5012 5254 5762 6079 6204 6776 7111 7264 7311 7694 8100 8560 8540 8869 8685 8051 7719 7432 7086 6718 6377 5974 5720 5251 5485 5939 6275 6566 7138 7318 6695 6369 5567 5158 4447 3882 3343 2721 3097 3403 3424 3940 3873 4381 4511 4851 5384 5478 5930 5956 6348 6505 6932 7272 7253 7518 7823 8065 8521 9004 9123 9194 8998 8305 7936 7540 7259 6880 6450 5858 5505 4816 5397 6042 6516 6948 7245 7973 7097 6443 5794 5436 4661 4158 3454 ]
