n = 50 ; 
T = 96 ; 
Init = [ 0 1 1 0 0 1 0 0 1 1 1 0 0 1 1 1 1 1 1 0 0 1 1 1 1 1 1 0 0 0 0 1 1 0 1 0 1 1 0 0 1 1 0 1 0 1 0 0 0 1 ]
L = [ 14 14 14 14 14 9 9 13 13 16 16 16 16 17 17 17 17 17 13 13 13 13 13 13 13 8 8 8 8 8 8 7 5 5 5 5 14 17 12 12 10 10 10 10 7 10 8 8 8 8 ]
l = [ 14 14 14 14 14 9 9 13 13 16 16 16 16 17 17 17 17 17 13 13 13 13 13 13 13 8 8 8 8 8 8 7 5 5 5 5 14 17 12 12 10 10 10 10 7 10 8 8 8 8 ]
Pmin = [ 77 77 77 77 77 43 43 66 66 77 77 77 77 91 91 91 91 91 75 75 75 75 68 68 68 36 36 36 42 42 42 43 20 20 20 20 76 97 55 55 50 50 50 50 34 51 41 41 41 41 ]
Pmax = [ 290 290 290 290 290 156 156 256 256 319 319 319 319 374 374 374 374 374 283 283 283 283 251 251 251 141 141 141 144 144 144 135 56 56 56 56 276 383 221 221 185 185 185 185 112 174 127 127 127 127 ]
cf = [ 69.02 69.02 69.02 69.02 69.02 26.7458 26.7458 69.5999 69.5999 41.2613 41.2613 41.2613 41.2613 52.2597 52.2597 52.2597 52.2597 52.2597 14.8942 14.8942 14.8942 14.8942 11.8721 11.8721 11.8721 51.9702 51.9702 51.9702 30.2917 30.2917 30.2917 31.3195 23.5571 23.5571 23.5571 23.5571 14.7697 56.9611 16.7711 16.7711 37.5309 37.5309 37.5309 37.5309 20.7229 28.7023 22.177 22.177 22.177 22.177 ]
c0 = [ 197 197 197 197 197 121 121 182 182 196 196 196 196 235 235 235 235 235 199 199 199 199 187 187 187 111 111 111 123 123 123 116 69 69 69 69 212 250 159 159 147 147 147 147 104 137 114 114 114 114 ]
cp = [ 21.4637 21.4637 21.4637 21.4637 21.4637 26.3487 26.3487 19.8119 19.8119 22.1276 22.1276 22.1276 22.1276 10.7297 10.7297 10.7297 10.7297 10.7297 26.1586 26.1586 26.1586 26.1586 21.679 21.679 21.679 35.2964 35.2964 35.2964 34.9891 34.9891 34.9891 31.4038 34.851 34.851 34.851 34.851 13.2521 10.988 26.5539 26.5539 26.3556 26.3556 26.3556 26.3556 31.3395 38.1156 38.3066 38.3066 38.3066 38.3066 ]
D = [ 1003 1341 2032 2344 2778 2843 3457 3779 4217 4566 4584 5042 5301 5851 6172 6623 6855 7416 7569 7771 8297 8723 9209 9326 9551 9127 8894 8283 8091 7476 7270 6934 6300 5999 5618 5872 6521 6781 7429 7730 7982 7208 6528 6028 5449 4732 3897 3192 2554 2926 3206 3417 3535 4043 4471 4383 4665 5166 5283 5673 5772 6169 6375 6760 6972 7505 7737 7855 7956 8367 8584 9076 9330 8871 8449 8121 7909 7392 7200 6507 6085 5896 5566 5766 6161 6763 7028 7427 7823 7264 6683 5808 5369 4717 3949 3016 ]
