n = 50 ; 
T = 96 ; 
Init = [ 0 0 1 0 0 1 0 1 0 0 0 1 0 0 0 0 0 1 1 0 0 1 0 0 0 0 1 0 1 1 0 1 1 1 1 0 0 1 1 0 0 1 0 0 0 0 0 0 1 1 ]
L = [ 6 6 6 6 9 9 15 15 15 4 12 9 10 10 10 10 14 14 17 17 17 17 17 17 17 17 13 13 13 8 13 13 13 13 13 17 17 17 17 17 7 6 6 6 6 12 12 12 12 17 ]
l = [ 6 6 6 6 9 9 15 15 15 4 12 9 10 10 10 10 14 14 17 17 17 17 17 17 17 17 13 13 13 8 13 13 13 13 13 17 17 17 17 17 7 6 6 6 6 12 12 12 12 17 ]
Pmin = [ 24 24 24 24 45 46 79 79 79 21 62 47 61 61 54 54 75 75 87 87 87 89 89 89 89 89 64 64 64 38 70 70 70 70 70 92 92 92 92 92 31 23 23 23 23 64 64 64 64 95 ]
Pmax = [ 72 72 72 72 150 179 320 320 320 37 255 156 215 215 207 207 292 292 352 352 352 372 372 372 372 372 254 254 254 150 265 265 265 265 265 370 370 370 370 370 117 78 78 78 78 224 224 224 224 362 ]
cf = [ 34.3755 34.3755 34.3755 34.3755 47.4384 25.0416 45.2132 45.2132 45.2132 10.5212 33.785 7.76283 65.3183 65.3183 10.2432 10.2432 51.291 51.291 31.6844 31.6844 31.6844 14.0234 14.0234 14.0234 14.0234 14.0234 44.7604 44.7604 44.7604 56.6824 57.6364 57.6364 57.6364 57.6364 57.6364 54.6109 54.6109 54.6109 54.6109 54.6109 15.5316 13.2048 13.2048 13.2048 13.2048 67.2602 67.2602 67.2602 67.2602 28.6046 ]
c0 = [ 73 73 73 73 140 134 205 205 205 81 173 125 176 176 144 144 210 210 221 221 221 238 238 238 238 238 169 169 169 104 182 182 182 182 182 248 248 248 248 248 87 81 81 81 81 167 167 167 167 250 ]
cp = [ 37.8576 37.8576 37.8576 37.8576 35.8305 24.3806 18.9232 18.9232 18.9232 41.3736 22.5912 27.5702 31.2709 31.2709 32.5234 32.5234 20.6475 20.6475 15.8878 15.8878 15.8878 13.7019 13.7019 13.7019 13.7019 13.7019 20.1847 20.1847 20.1847 29.4027 35.9647 35.9647 35.9647 35.9647 35.9647 12.0437 12.0437 12.0437 12.0437 12.0437 33.1833 35.8751 35.8751 35.8751 35.8751 20.9393 20.9393 20.9393 20.9393 12.7559 ]
D = [ 1522 1916 2266 2813 3165 3410 3755 4148 4386 4832 5416 5388 6108 6221 6825 6939 7356 7507 7822 8302 8559 9082 9603 9674 9920 9621 9363 8667 8084 8078 7314 6747 6318 6026 5657 6296 6965 7658 8342 8902 9224 8737 7982 6800 6078 5579 4632 3980 2861 3359 3544 3968 4184 4588 4875 5062 5618 5784 5988 6229 6472 7167 7459 7309 8070 8305 8328 8923 9193 9293 9488 10049 10461 9597 9524 9018 8423 7885 7835 7215 6873 6238 5741 6156 6935 7265 7565 8130 8325 7854 7214 6208 5661 5013 4025 3469 ]
