n = 50 ; 
T = 96 ; 
Init = [ 0 0 1 0 0 0 0 1 0 1 0 1 1 1 1 1 1 1 1 1 0 1 1 0 0 0 1 1 1 1 1 1 1 1 1 0 1 0 1 1 1 1 1 1 0 0 0 1 1 1 ]
L = [ 9 9 14 14 14 14 14 7 7 7 19 19 19 6 6 6 6 14 14 14 14 14 7 11 18 18 14 12 12 12 12 5 7 8 8 8 8 15 15 15 10 10 10 15 15 15 15 15 9 9 ]
l = [ 9 9 14 14 14 14 14 7 7 7 19 19 19 6 6 6 6 14 14 14 14 14 7 11 18 18 14 12 12 12 12 5 7 8 8 8 8 15 15 15 10 10 10 15 15 15 15 15 9 9 ]
Pmin = [ 47 47 70 70 70 70 70 31 31 31 100 100 100 23 23 23 23 75 75 75 75 75 38 61 95 95 75 69 69 69 69 23 30 35 35 35 35 83 83 83 52 52 52 77 77 77 77 77 46 46 ]
Pmax = [ 180 180 273 273 273 273 273 92 92 92 419 419 419 71 71 71 71 299 299 299 299 299 129 210 391 391 294 249 249 249 249 52 105 134 134 134 134 323 323 323 175 175 175 301 301 301 301 301 150 150 ]
cf = [ 41.7638 41.7638 38.9255 38.9255 38.9255 38.9255 38.9255 8.7278 8.7278 8.7278 51.9329 51.9329 51.9329 22.0757 22.0757 22.0757 22.0757 28.9913 28.9913 28.9913 28.9913 28.9913 34.9077 68.5007 25.7497 25.7497 21.2984 42.226 42.226 42.226 42.226 14.4355 27.0094 63.2213 63.2213 63.2213 63.2213 27.7591 27.7591 27.7591 27.7051 27.7051 27.7051 20.1529 20.1529 20.1529 20.1529 20.1529 13.7358 13.7358 ]
c0 = [ 130 130 194 194 194 194 194 93 93 93 250 250 250 88 88 88 88 203 203 203 203 203 103 167 250 250 192 185 185 185 185 67 90 107 107 107 107 212 212 212 155 155 155 198 198 198 198 198 133 133 ]
cp = [ 33.8526 33.8526 27.3019 27.3019 27.3019 27.3019 27.3019 28.8623 28.8623 28.8623 15.7572 15.7572 15.7572 37.4938 37.4938 37.4938 37.4938 17.7493 17.7493 17.7493 17.7493 17.7493 36.8 20.4561 15.9217 15.9217 26.5685 28.1459 28.1459 28.1459 28.1459 31.0455 39.0565 28.8255 28.8255 28.8255 28.8255 18.9349 18.9349 18.9349 30.6765 30.6765 30.6765 17.4721 17.4721 17.4721 17.4721 17.4721 37.6237 37.6237 ]
D = [ 1264 1643 1939 2523 2603 2926 3545 3806 4135 4580 4883 5451 5769 6155 6315 6648 7086 7426 7579 8158 8489 8655 8933 9644 9778 9540 8818 8357 7940 7736 7357 6790 6613 6177 5401 6275 6694 7069 7411 7806 8274 7807 6776 6009 5575 4793 4005 3217 2379 2948 3024 3158 3427 3906 4046 4532 4613 5049 5339 5847 5929 6191 6655 6651 7234 7190 7633 8046 8150 8564 8841 9342 9266 8835 8620 8519 7824 7531 6995 6843 6388 6080 5773 6009 6602 6857 7291 7235 7637 7064 6659 5847 5247 4575 3911 3164 ]
