n = 50 ; 
T = 96 ; 
Init = [ 1 1 0 0 0 1 0 1 0 1 1 0 1 1 0 1 0 0 1 0 0 0 0 0 1 0 0 0 0 0 0 1 1 0 0 1 1 0 1 1 1 0 1 1 1 1 0 1 1 1 ]
L = [ 8 8 8 8 7 7 7 7 7 19 19 19 17 17 17 17 17 19 19 19 19 19 19 19 19 7 7 7 8 8 8 14 5 5 5 6 6 19 19 19 19 15 15 15 15 15 7 7 6 6 ]
l = [ 8 8 8 8 7 7 7 7 7 19 19 19 17 17 17 17 17 19 19 19 19 19 19 19 19 7 7 7 8 8 8 14 5 5 5 6 6 19 19 19 19 15 15 15 15 15 7 7 6 6 ]
Pmin = [ 42 42 42 42 36 36 36 36 36 100 100 100 91 91 91 91 91 100 100 100 100 100 100 100 100 33 33 33 42 42 42 75 21 21 21 29 29 100 100 100 100 84 84 84 84 84 40 40 31 31 ]
Pmax = [ 152 152 152 152 122 122 122 122 122 411 411 411 357 357 357 357 357 412 412 412 412 412 387 387 387 93 93 93 159 159 159 291 63 63 63 85 85 420 420 420 420 330 330 330 330 330 135 135 95 95 ]
cf = [ 44.6766 44.6766 44.6766 44.6766 35.8109 35.8109 35.8109 35.8109 35.8109 61.4468 61.4468 61.4468 35.0266 35.0266 35.0266 35.0266 35.0266 63.8099 63.8099 63.8099 63.8099 63.8099 27.9991 27.9991 27.9991 63.2187 63.2187 63.2187 62.6337 62.6337 62.6337 22.8068 18.8917 18.8917 18.8917 30.4464 30.4464 17.8387 17.8387 17.8387 17.8387 22.1382 22.1382 22.1382 22.1382 22.1382 9.8293 9.8293 62.2016 62.2016 ]
c0 = [ 129 129 129 129 102 102 102 102 102 250 250 250 242 242 242 242 242 250 250 250 250 250 250 250 250 92 92 92 131 131 131 197 82 82 82 88 88 250 250 250 250 216 216 216 216 216 113 113 102 102 ]
cp = [ 32.248 32.248 32.248 32.248 35.9608 35.9608 35.9608 35.9608 35.9608 15.3447 15.3447 15.3447 24.7813 24.7813 24.7813 24.7813 24.7813 15.7323 15.7323 15.7323 15.7323 15.7323 11.485 11.485 11.485 30.8836 30.8836 30.8836 35.4932 35.4932 35.4932 24.4365 39.3977 39.3977 39.3977 30.7479 30.7479 11.4219 11.4219 11.4219 11.4219 12.0424 12.0424 12.0424 12.0424 12.0424 33.8537 33.8537 29.0266 29.0266 ]
D = [ 2236 2503 2996 3542 3780 4105 4335 4860 4949 5551 5668 6235 6441 6913 7463 7453 7761 8384 8549 9216 9327 9585 10123 10645 10723 10498 9959 9212 8879 8119 7763 7461 6617 6402 5807 6339 6610 7383 7600 8098 8633 7943 7496 6725 6157 5419 4776 4165 3180 3619 3891 4551 4467 4986 5329 5480 6149 6207 6509 6978 6947 7285 8019 8266 8325 8572 8858 9382 9847 10027 10159 10550 10752 10655 9981 9736 9029 8802 8300 7660 7070 6528 6235 6757 7442 8200 8562 9114 9617 8586 7913 7179 6175 5434 4634 3867 ]
