n = 50 ; 
T = 96 ; 
Init = [ 0 1 0 1 1 0 0 1 0 1 1 0 0 0 1 1 0 1 0 0 0 1 0 0 0 1 0 0 0 1 0 0 0 0 0 0 0 0 1 0 0 0 1 0 1 0 1 1 0 0 ]
L = [ 18 18 18 18 16 16 16 16 17 17 17 15 19 19 19 19 13 13 13 19 19 19 19 19 18 18 18 18 18 13 13 13 5 5 5 5 5 10 6 6 13 13 13 13 18 10 10 10 5 6 ]
l = [ 18 18 18 18 16 16 16 16 17 17 17 15 19 19 19 19 13 13 13 19 19 19 19 19 18 18 18 18 18 13 13 13 5 5 5 5 5 10 6 6 13 13 13 13 18 10 10 10 5 6 ]
Pmin = [ 98 98 98 98 80 80 80 80 89 89 89 77 100 100 100 100 67 67 67 100 100 100 100 100 93 93 93 93 93 72 72 72 21 21 21 21 21 56 26 26 76 76 76 76 98 44 44 44 18 28 ]
Pmax = [ 393 393 393 393 315 315 315 315 370 370 370 312 420 420 420 420 254 254 254 397 397 397 397 397 379 379 379 379 379 289 289 289 65 65 65 65 65 213 85 85 292 292 292 292 388 172 172 172 47 84 ]
cf = [ 48.9066 48.9066 48.9066 48.9066 67.2466 67.2466 67.2466 67.2466 48.5697 48.5697 48.5697 32.9459 58.733 58.733 58.733 58.733 18.216 18.216 18.216 16.4443 16.4443 16.4443 16.4443 16.4443 69.9468 69.9468 69.9468 69.9468 69.9468 44.9734 44.9734 44.9734 36.1264 36.1264 36.1264 36.1264 36.1264 45.1732 28.2828 28.2828 10.7266 10.7266 10.7266 10.7266 54.1027 10.9791 10.9791 10.9791 47.3837 43.1839 ]
c0 = [ 250 250 250 250 214 214 214 214 245 245 245 216 250 250 250 250 190 190 190 250 250 250 250 250 238 238 238 238 238 202 202 202 76 76 76 76 76 149 94 94 202 202 202 202 250 118 118 118 63 87 ]
cp = [ 10.6204 10.6204 10.6204 10.6204 11.2325 11.2325 11.2325 11.2325 11.9965 11.9965 11.9965 18.6176 11.3735 11.3735 11.3735 11.3735 24.9699 24.9699 24.9699 14.8855 14.8855 14.8855 14.8855 14.8855 18.8459 18.8459 18.8459 18.8459 18.8459 19.8039 19.8039 19.8039 38.524 38.524 38.524 38.524 38.524 30.9053 31.1264 31.1264 22.5696 22.5696 22.5696 22.5696 18.8983 22.5341 22.5341 22.5341 37.6139 24.8918 ]
D = [ 2345 2853 3067 3633 4109 4485 4715 5178 5321 6165 6478 6616 7156 7860 7909 8484 8943 9540 10000 10060 10474 10993 11533 11727 12325 11822 11334 10740 9780 9274 8861 8571 7594 6973 6828 7124 8233 8558 9452 9725 10471 9675 8639 7922 6851 6000 4878 4401 3462 3865 3810 4459 4934 5401 5650 6178 6234 6753 7421 7415 7791 8096 8539 9138 9677 9734 10418 10526 11027 11359 11875 12447 12578 11979 11236 10759 10242 9738 9195 8322 7828 7395 6780 7065 7962 8458 8880 9997 10620 9749 8343 7382 6981 5626 4871 4059 ]
