n = 50 ; 
T = 96 ; 
Init = [ 0 1 0 0 1 0 1 1 0 0 1 1 0 0 1 1 1 1 1 0 1 0 1 1 1 0 0 1 1 0 1 0 0 0 0 1 0 1 1 0 0 0 0 0 0 1 1 1 0 0 ]
L = [ 16 16 16 16 16 16 14 14 14 14 13 13 13 13 12 12 12 12 5 5 5 5 15 15 15 15 12 12 12 12 7 7 7 7 7 9 9 6 6 6 6 15 15 14 14 14 14 16 18 18 ]
l = [ 16 16 16 16 16 16 14 14 14 14 13 13 13 13 12 12 12 12 5 5 5 5 15 15 15 15 12 12 12 12 7 7 7 7 7 9 9 6 6 6 6 15 15 14 14 14 14 16 18 18 ]
Pmin = [ 83 83 83 83 83 87 78 78 78 78 65 65 65 65 64 64 64 64 32 32 32 32 86 86 86 86 62 62 62 62 30 30 30 30 30 45 45 32 32 32 32 77 77 72 72 72 72 85 100 100 ]
Pmax = [ 345 345 345 345 345 345 304 304 304 304 253 253 253 253 232 232 232 232 88 88 88 88 328 328 328 328 239 239 239 239 86 86 86 86 86 158 158 99 99 99 99 302 302 296 296 296 296 338 394 394 ]
cf = [ 31.5346 31.5346 31.5346 31.5346 31.5346 52.1119 55.5052 55.5052 55.5052 55.5052 30.1325 30.1325 30.1325 30.1325 32.5314 32.5314 32.5314 32.5314 11.3799 11.3799 11.3799 11.3799 65.1117 65.1117 65.1117 65.1117 42.2959 42.2959 42.2959 42.2959 32.4645 32.4645 32.4645 32.4645 32.4645 63.2343 63.2343 18.3249 18.3249 18.3249 18.3249 28.9548 28.9548 66.6833 66.6833 66.6833 66.6833 34.909 45.6152 45.6152 ]
c0 = [ 212 212 212 212 212 232 203 203 203 203 175 175 175 175 168 168 168 168 107 107 107 107 236 236 236 236 178 178 178 178 95 95 95 95 95 124 124 104 104 104 104 211 211 197 197 197 197 218 250 250 ]
cp = [ 23.9171 23.9171 23.9171 23.9171 23.9171 15.1104 17.8321 17.8321 17.8321 17.8321 32.5128 32.5128 32.5128 32.5128 26.6601 26.6601 26.6601 26.6601 36.5742 36.5742 36.5742 36.5742 20.1333 20.1333 20.1333 20.1333 26.5252 26.5252 26.5252 26.5252 35.4468 35.4468 35.4468 35.4468 35.4468 33.9961 33.9961 35.1021 35.1021 35.1021 35.1021 18.6455 18.6455 10.8155 10.8155 10.8155 10.8155 10.8796 18.9412 18.9412 ]
D = [ 2216 2357 2508 2884 3345 3678 3853 4513 4717 4716 5390 5483 6070 6232 6506 6691 7024 7612 7932 8251 8462 8995 9220 9252 9931 9369 9107 8422 8242 7882 7354 6966 6423 6183 5848 6317 6501 6893 7699 7764 8291 7791 6886 6019 5358 4865 3860 3208 2648 3096 3271 3444 4041 4401 4805 4993 5236 5662 6177 6132 6634 7156 7291 7722 8128 8325 8820 9002 9489 9853 10110 10381 10936 10456 9956 9419 9019 8457 7858 7441 6986 6220 6094 6399 7075 7516 8126 8245 8771 8392 7420 6942 6285 5566 4719 4125 ]
