n = 50 ; 
T = 96 ; 
Init = [ 0 1 0 1 0 1 1 1 0 0 0 0 0 1 0 1 0 0 1 1 1 0 1 0 1 1 0 1 0 0 1 0 1 1 1 1 0 1 0 0 1 0 0 1 1 0 1 1 0 0 ]
L = [ 15 15 15 15 14 14 16 16 16 16 16 9 9 9 12 15 15 15 15 4 4 4 4 4 17 17 17 17 17 13 13 11 11 12 12 12 5 5 5 5 5 6 6 6 19 19 19 19 19 16 ]
l = [ 15 15 15 15 14 14 16 16 16 16 16 9 9 9 12 15 15 15 15 4 4 4 4 4 17 17 17 17 17 13 13 11 11 12 12 12 5 5 5 5 5 6 6 6 19 19 19 19 19 16 ]
Pmin = [ 78 78 78 78 73 73 89 89 89 89 89 48 48 48 62 74 74 74 74 21 21 21 21 18 88 88 88 88 88 71 71 58 58 62 62 65 31 31 31 31 31 30 30 30 97 97 97 97 100 87 ]
Pmax = [ 297 297 297 297 288 288 354 354 354 354 354 170 170 170 234 298 298 298 298 45 45 45 45 30 335 335 335 335 335 265 265 224 224 221 221 237 83 83 83 83 83 97 97 97 389 389 389 389 411 344 ]
cf = [ 46.6881 46.6881 46.6881 46.6881 57.5359 57.5359 24.3779 24.3779 24.3779 24.3779 24.3779 29.6221 29.6221 29.6221 61.6047 24.8062 24.8062 24.8062 24.8062 60.8325 60.8325 60.8325 60.8325 42.7959 25.7196 25.7196 25.7196 25.7196 25.7196 11.8737 11.8737 32.036 32.036 55.2937 55.2937 20.2376 61.0138 61.0138 61.0138 61.0138 61.0138 51.5786 51.5786 51.5786 42.0914 42.0914 42.0914 42.0914 38.4999 21.7176 ]
c0 = [ 218 218 218 218 199 199 233 233 233 233 233 131 131 131 164 200 200 200 200 74 74 74 74 70 239 239 239 239 239 192 192 160 160 175 175 172 98 98 98 98 98 86 86 86 250 250 250 250 250 233 ]
cp = [ 19.1616 19.1616 19.1616 19.1616 18.7057 18.7057 16.8193 16.8193 16.8193 16.8193 16.8193 28.2238 28.2238 28.2238 35.528 25.6424 25.6424 25.6424 25.6424 41.5458 41.5458 41.5458 41.5458 41.3501 11.631 11.631 11.631 11.631 11.631 24.1532 24.1532 19.9575 19.9575 24.393 24.393 22.6703 34.5034 34.5034 34.5034 34.5034 34.5034 36.9692 36.9692 36.9692 13.3527 13.3527 13.3527 13.3527 9.92468 24.6366 ]
D = [ 2038 2255 2765 3049 3213 3741 3998 4463 4625 5076 5416 5912 6285 6301 6998 7167 7687 7805 7941 8705 9009 9043 9518 9981 10254 9801 9362 9022 8562 8283 7678 7183 6776 6336 6245 6540 7167 7408 7823 8732 9078 8320 7748 6954 6332 5647 4677 4230 3232 3822 4150 4241 4336 4734 5238 5463 5666 6084 6312 6484 6755 6803 7128 7630 7617 7911 8285 8671 8622 8894 9351 9774 9768 9305 8806 8541 8278 7519 7385 6988 6550 6012 5436 6210 6721 6836 7567 8013 8278 7795 6972 6533 5829 5063 4393 3872 ]
