n = 50 ; 
T = 96 ; 
Init = [ 0 0 1 1 1 0 1 0 1 1 1 1 0 1 0 1 0 1 0 1 1 1 1 1 0 0 1 1 0 1 1 0 1 0 0 0 0 1 0 1 0 0 1 0 1 1 0 1 0 0 ]
L = [ 4 4 4 4 4 9 9 9 9 8 8 8 8 8 7 11 11 7 8 8 8 8 8 12 12 15 15 15 15 15 5 5 5 5 5 8 8 8 8 9 9 11 11 11 11 10 10 9 9 9 ]
l = [ 4 4 4 4 4 9 9 9 9 8 8 8 8 8 7 11 11 7 8 8 8 8 8 12 12 15 15 15 15 15 5 5 5 5 5 8 8 8 8 9 9 11 11 11 11 10 10 9 9 9 ]
Pmin = [ 15 15 15 15 15 52 52 52 52 40 40 40 40 40 28 62 62 35 37 37 37 37 37 64 64 83 83 83 83 83 19 19 19 19 19 39 39 39 39 52 52 55 55 55 55 50 50 48 48 48 ]
Pmax = [ 49 49 49 49 49 188 188 188 188 129 129 129 129 129 103 219 219 99 134 134 134 134 134 259 259 325 325 325 325 325 63 63 63 63 63 120 120 120 120 172 172 197 197 197 197 181 181 168 168 168 ]
cf = [ 17.0647 17.0647 17.0647 17.0647 17.0647 35.5968 35.5968 35.5968 35.5968 50.9602 50.9602 50.9602 50.9602 50.9602 49.3312 65.5972 65.5972 57.9883 49.9827 49.9827 49.9827 49.9827 49.9827 33.4421 33.4421 27.6605 27.6605 27.6605 27.6605 27.6605 69.4795 69.4795 69.4795 69.4795 69.4795 53.2464 53.2464 53.2464 53.2464 11.5333 11.5333 33.0713 33.0713 33.0713 33.0713 26.1485 26.1485 58.6027 58.6027 58.6027 ]
c0 = [ 49 49 49 49 49 141 141 141 141 107 107 107 107 107 83 161 161 117 101 101 101 101 101 181 181 230 230 230 230 230 75 75 75 75 75 110 110 110 110 135 135 156 156 156 156 140 140 146 146 146 ]
cp = [ 41.5576 41.5576 41.5576 41.5576 41.5576 33.7567 33.7567 33.7567 33.7567 33.3917 33.3917 33.3917 33.3917 33.3917 37.8295 29.7683 29.7683 37.1275 27.6669 27.6669 27.6669 27.6669 27.6669 19.8118 19.8118 15.214 15.214 15.214 15.214 15.214 39.1838 39.1838 39.1838 39.1838 39.1838 38.9705 38.9705 38.9705 38.9705 38.0223 38.0223 29.3254 29.3254 29.3254 29.3254 29.5688 29.5688 29.2059 29.2059 29.2059 ]
D = [ 1508 1659 1989 2239 2234 2539 2843 2857 3226 3358 3680 3891 3815 4110 4383 4670 4837 5094 5247 5388 5598 5770 5958 6094 6457 6283 5755 5472 5458 4970 4752 4508 4264 3871 3671 4082 4355 4521 4739 5175 5566 5202 4644 4353 3778 3586 3077 2763 2286 2370 2519 2810 2937 3075 3325 3536 3728 4006 3947 4316 4369 4725 4774 4998 5278 5171 5492 5815 5854 5992 6146 6399 6733 6205 5950 5652 5450 5167 4979 4487 4106 3885 3801 4006 4382 4708 4941 5328 5750 5200 4636 4388 3713 3315 2810 2233 ]
