n = 10 ; 
T = 96 ; 
Init = [ 1 0 0 0 1 1 0 0 1 1 ]
L = [ 8 8 13 11 14 13 9 19 5 10 ]
l = [ 8 8 13 11 14 13 9 19 5 10 ]
Pmin = [ 65 88 133 108 154 143 94 210 42 116 ]
Pmax = [ 114 138 260 213 296 286 178 417 64 193 ]
cf = [ 26.2652 27.0784 35.3777 55.2904 67.8737 65.0703 38.835 39.8216 54.1181 49.9318 ]
c0 = [ 111 122 176 138 207 185 143 250 72 153 ]
cp = [ 31.9516 29.9759 24.4944 13.2629 17.0845 18.2521 20.1336 12.8986 39.404 23.9807 ]
D = [ 209 211 288 329 414 454 489 600 653 657 757 778 821 900 965 1009 1088 1154 1207 1239 1318 1369 1371 1452 1518 1462 1373 1326 1236 1183 1140 1031 994 901 847 909 1008 1072 1119 1216 1229 1150 1042 942 885 787 675 573 447 485 593 641 658 717 743 774 857 911 903 962 1030 1082 1100 1161 1190 1304 1307 1356 1392 1464 1487 1523 1583 1553 1480 1407 1280 1242 1149 1081 1034 931 865 927 1047 1099 1146 1232 1290 1169 1084 981 865 750 591 527 ]
