n = 10 ; 
T = 96 ; 
Init = [ 0 0 0 0 0 1 1 1 0 1 ]
L = [ 10 10 16 9 14 8 4 13 9 9 ]
l = [ 10 10 16 9 14 8 4 13 9 9 ]
Pmin = [ 101 114 166 83 159 78 36 153 86 92 ]
Pmax = [ 199 194 331 165 282 141 46 279 157 148 ]
cf = [ 56.1977 54.338 11.6201 60.6864 31.1815 31.3679 32.5379 56.8561 13.7299 48.0437 ]
c0 = [ 142 145 215 126 209 123 67 190 117 128 ]
cp = [ 32.0413 30.5983 12.4578 34.692 27.4658 31.922 37.847 18.6824 26.3298 30.4892 ]
D = [ 305 347 435 435 522 581 620 676 709 752 804 847 928 963 1009 1038 1100 1144 1194 1242 1320 1370 1419 1458 1528 1423 1354 1316 1233 1127 1044 973 923 878 756 818 921 992 1058 1079 1144 1052 970 905 798 712 625 531 412 475 479 555 559 599 666 702 734 805 866 862 950 1007 1041 1072 1130 1120 1214 1212 1280 1338 1389 1401 1467 1405 1307 1266 1203 1135 1035 970 920 846 747 869 937 1008 1058 1178 1212 1089 1038 862 753 692 567 473 ]
