n = 10 ; 
T = 96 ; 
Init = [ 0 1 0 1 0 0 0 1 1 1 ]
L = [ 18 18 16 20 8 6 11 7 18 15 ]
l = [ 18 18 16 20 8 6 11 7 18 15 ]
Pmin = [ 197 208 171 210 85 61 128 91 208 169 ]
Pmax = [ 391 385 326 419 148 101 236 142 396 331 ]
cf = [ 12.5565 42.5155 47.014 39.744 52.4574 15.1173 13.7792 42.4643 7.276 45.8493 ]
c0 = [ 250 250 214 250 116 98 174 124 250 213 ]
cp = [ 10.2717 13.3344 11.5061 10.7971 36.0599 37.9247 28.6493 33.4617 10.4397 21.5457 ]
D = [ 429 463 545 671 752 803 911 906 1076 1141 1163 1273 1347 1429 1500 1629 1680 1798 1835 1875 2013 2090 2128 2212 2333 2234 2117 1996 1828 1766 1651 1478 1370 1256 1128 1229 1390 1399 1512 1665 1756 1576 1426 1276 1195 1035 835 725 607 655 755 785 831 924 1000 1002 1095 1212 1221 1316 1419 1437 1503 1620 1659 1687 1804 1804 1923 1933 1995 2096 2147 2082 1947 1934 1762 1703 1586 1558 1481 1299 1235 1320 1444 1473 1592 1744 1822 1651 1499 1381 1162 1108 943 795 ]
