n = 10 ; 
T = 96 ; 
Init = [ 1 0 0 0 1 0 0 0 1 0 ]
L = [ 19 8 12 4 7 10 12 17 12 18 ]
l = [ 19 8 12 4 7 10 12 17 12 18 ]
Pmin = [ 210 90 127 37 71 113 130 184 127 209 ]
Pmax = [ 419 160 253 55 134 191 252 359 236 403 ]
cf = [ 20.4718 28.6785 20.157 54.8355 66.1383 64.3908 8.51595 38.5021 40.158 41.7464 ]
c0 = [ 250 124 176 79 116 159 170 226 174 250 ]
cp = [ 11.5658 32.4136 23.8626 40.2976 38.5739 24.5792 21.2731 14.0653 32.8343 14.765 ]
D = [ 282 357 461 491 587 600 690 719 775 874 981 1023 1095 1108 1192 1230 1318 1413 1439 1491 1600 1624 1685 1752 1860 1773 1684 1624 1521 1389 1345 1207 1167 1080 990 1082 1209 1245 1384 1503 1573 1431 1287 1123 1012 888 698 529 411 487 547 564 637 722 803 829 873 982 971 1095 1118 1184 1256 1299 1325 1419 1436 1545 1558 1637 1698 1732 1846 1746 1695 1588 1533 1415 1348 1252 1235 1087 1031 1119 1252 1310 1446 1483 1592 1500 1362 1195 1028 904 721 602 ]
