n = 10 ; 
T = 96 ; 
Init = [ 0 0 1 0 1 0 0 0 0 0 ]
L = [ 14 13 11 19 18 10 18 15 9 4 ]
l = [ 14 13 11 19 18 10 18 15 9 4 ]
Pmin = [ 165 130 114 210 197 103 197 187 95 23 ]
Pmax = [ 314 258 206 401 381 180 386 340 183 42 ]
cf = [ 67.4508 10.2795 57.4346 30.8069 28.2654 20.6884 34.319 55.9333 17.1225 18.134 ]
c0 = [ 204 170 163 250 250 141 236 228 128 54 ]
cp = [ 27.9241 21.4517 29.0664 9.20232 12.5922 28.9618 10.2242 14.9379 34.7228 41.6223 ]
D = [ 295 359 462 510 605 701 757 779 919 955 1096 1093 1187 1250 1345 1458 1477 1580 1670 1742 1841 1921 2012 2051 2166 1992 1955 1830 1720 1643 1585 1480 1391 1268 1134 1256 1346 1475 1544 1605 1693 1579 1405 1263 1136 980 783 689 479 553 629 687 821 870 915 979 1067 1106 1178 1241 1336 1343 1492 1529 1601 1624 1745 1762 1855 1894 2027 2024 2109 2047 1904 1797 1695 1597 1552 1426 1334 1298 1163 1230 1358 1477 1540 1599 1690 1521 1432 1223 1087 988 841 709 ]
