n = 10 ; 
T = 96 ; 
Init = [ 1 0 0 0 0 1 1 1 1 1 ]
L = [ 10 18 16 10 14 12 14 17 10 19 ]
l = [ 10 18 16 10 14 12 14 17 10 19 ]
Pmin = [ 98 207 182 112 142 140 158 190 95 210 ]
Pmax = [ 181 396 340 190 276 259 285 356 177 420 ]
cf = [ 53.8123 22.6673 63.368 29.9227 37.368 23.2935 19.1762 62.5747 41.8342 42.4412 ]
c0 = [ 138 250 236 159 190 192 212 247 145 250 ]
cp = [ 37.6269 13.1457 19.6373 31.2462 32.8164 34.5423 23.8866 23.3748 36.4469 11.3529 ]
D = [ 314 418 497 591 670 698 759 836 894 955 1121 1101 1259 1327 1316 1427 1521 1559 1635 1775 1825 1879 1914 2032 2054 2035 1886 1809 1795 1647 1649 1576 1459 1369 1318 1389 1536 1558 1732 1766 1874 1791 1579 1521 1336 1137 1019 855 722 815 837 869 990 1015 1113 1165 1173 1278 1293 1388 1424 1505 1545 1597 1650 1718 1774 1795 1897 1944 2026 2077 2155 2076 1899 1867 1740 1652 1635 1519 1466 1315 1273 1358 1446 1519 1600 1736 1759 1652 1484 1340 1159 973 824 737 ]
