n = 10 ; 
T = 96 ; 
Init = [ 1 1 1 0 1 0 1 1 0 0 ]
L = [ 10 5 10 10 6 10 6 8 5 6 ]
l = [ 10 5 10 10 6 10 6 8 5 6 ]
Pmin = [ 106 45 93 119 45 99 42 67 53 48 ]
Pmax = [ 186 79 168 202 87 184 80 119 66 71 ]
cf = [ 19.3028 45.3386 44.4304 22.7658 29.3247 51.8889 37.5798 33.3633 68.7807 15.1769 ]
c0 = [ 136 79 140 171 71 143 81 102 87 93 ]
cp = [ 31.4918 39.8644 30.2396 22.5407 33.1324 30.3457 35.5517 34.2514 40.0605 38.5625 ]
D = [ 179 211 245 286 301 320 377 411 404 466 464 521 546 572 588 635 670 704 708 771 767 828 840 875 918 868 819 791 773 714 660 640 583 574 523 573 632 647 700 722 769 723 663 594 503 470 376 332 241 280 301 357 384 414 448 453 508 518 545 586 624 658 675 726 730 767 782 847 850 904 903 940 967 954 869 851 809 770 688 642 611 562 541 552 590 661 688 708 759 724 653 611 538 453 432 374 ]
