n = 10 ; 
T = 96 ; 
Init = [ 0 1 1 0 1 0 0 0 1 0 ]
L = [ 17 14 11 16 8 16 18 11 8 15 ]
l = [ 17 14 11 16 8 16 18 11 8 15 ]
Pmin = [ 186 146 128 177 84 174 201 131 86 172 ]
Pmax = [ 343 282 225 345 148 339 398 225 132 304 ]
cf = [ 15.9567 43.4585 23.932 64.1967 16.6428 57.6255 45.1304 11.2302 53.0298 46.2978 ]
c0 = [ 238 182 172 221 113 216 250 171 126 223 ]
cp = [ 10.3577 21.6719 32.5205 16.2123 32.0493 10.6219 17.285 23.9856 27.1644 20.1397 ]
D = [ 317 393 494 522 606 705 796 828 874 948 1048 1108 1159 1296 1281 1438 1430 1550 1583 1635 1778 1779 1906 1998 2061 1926 1838 1750 1654 1595 1551 1430 1376 1268 1197 1255 1366 1506 1619 1704 1754 1650 1480 1357 1226 1063 932 815 639 724 771 842 925 971 1033 1052 1140 1262 1314 1381 1425 1431 1504 1583 1596 1650 1768 1817 1841 1976 2034 2035 2085 2012 1883 1843 1773 1648 1508 1405 1397 1245 1152 1267 1387 1489 1563 1617 1781 1604 1420 1325 1187 1017 847 756 ]
