n = 10 ; 
T = 96 ; 
Init = [ 0 0 1 1 1 0 0 1 0 1 ]
L = [ 18 8 10 18 5 13 7 5 9 13 ]
l = [ 18 8 10 18 5 13 7 5 9 13 ]
Pmin = [ 210 78 91 210 53 136 62 34 96 147 ]
Pmax = [ 395 125 175 395 76 255 93 60 160 292 ]
cf = [ 20.3895 63.2733 8.21955 47.4527 25.3037 66.4966 14.1307 27.6857 32.7339 24.0815 ]
c0 = [ 250 115 133 250 97 186 106 56 128 193 ]
cp = [ 14.5555 40.8857 34.7068 10.1049 35.2995 19.9995 29.1513 41.219 22.9233 23.8263 ]
D = [ 227 287 312 395 430 472 527 553 606 682 703 814 828 860 914 1023 1030 1063 1115 1228 1239 1333 1327 1416 1451 1380 1349 1246 1175 1106 1018 953 891 842 742 879 903 1021 1066 1156 1234 1117 1005 915 778 668 569 453 339 368 457 506 508 564 610 678 715 764 840 896 915 981 981 1038 1133 1143 1197 1226 1304 1383 1390 1472 1502 1458 1345 1277 1227 1188 1113 1000 942 908 795 892 934 1019 1070 1165 1251 1158 1026 912 836 721 615 521 ]
