n = 10 ; 
T = 96 ; 
Init = [ 0 1 0 0 0 1 0 1 0 1 ]
L = [ 17 13 11 6 9 11 15 19 14 14 ]
l = [ 17 13 11 6 9 11 15 19 14 14 ]
Pmin = [ 184 138 117 49 85 115 163 210 152 148 ]
Pmax = [ 341 248 207 77 153 210 322 420 284 281 ]
cf = [ 21.8917 15.7395 33.7916 25.0311 17.2106 43.361 41.1063 15.8385 37.7225 46.9104 ]
c0 = [ 241 179 155 82 124 156 202 250 208 190 ]
cp = [ 12.4935 21.8581 23.0605 36.7951 22.1952 28.9382 22.6905 10.8646 18.2911 21.6157 ]
D = [ 313 363 444 452 509 582 716 732 799 856 970 1029 1064 1116 1219 1286 1327 1337 1428 1541 1541 1667 1693 1744 1814 1709 1680 1591 1499 1446 1327 1239 1171 1070 1012 1120 1211 1319 1465 1559 1662 1528 1372 1201 1056 940 772 604 507 543 585 686 687 804 808 921 913 994 1034 1089 1192 1237 1280 1304 1393 1427 1451 1548 1570 1650 1659 1792 1847 1705 1686 1617 1499 1474 1385 1339 1211 1193 1109 1175 1297 1411 1450 1594 1650 1515 1332 1193 1049 855 770 575 ]
