n = 10 ; 
T = 96 ; 
Init = [ 0 1 0 1 1 1 1 1 0 0 ]
L = [ 16 15 10 6 13 14 12 11 12 16 ]
l = [ 16 15 10 6 13 14 12 11 12 16 ]
Pmin = [ 180 179 93 48 143 169 126 127 128 193 ]
Pmax = [ 344 346 165 80 272 309 231 223 229 356 ]
cf = [ 26.5944 49.4164 16.1015 35.3081 8.06759 63.2843 30.8215 12.6466 28.0668 41.9557 ]
c0 = [ 229 228 136 78 180 220 177 166 162 234 ]
cp = [ 13.6135 34.6355 35.6176 40.2587 25.9964 24.2505 22.0808 16.5103 17.1314 25.7694 ]
D = [ 396 456 563 656 711 731 809 862 896 1025 1072 1149 1211 1296 1348 1417 1428 1512 1623 1660 1706 1806 1798 1907 1940 1892 1797 1753 1630 1585 1425 1396 1259 1230 1141 1240 1235 1316 1404 1456 1603 1484 1359 1226 1127 990 862 710 661 655 753 798 870 918 1012 1034 1095 1155 1212 1239 1295 1377 1414 1478 1576 1593 1643 1738 1747 1780 1894 1971 1993 1925 1856 1767 1637 1549 1443 1355 1292 1227 1128 1169 1273 1387 1481 1501 1619 1499 1363 1267 1085 1017 841 699 ]
