n = 10 ; 
T = 96 ; 
Init = [ 0 0 0 1 1 1 1 1 0 0 ]
L = [ 10 9 16 12 5 17 5 14 7 12 ]
l = [ 10 9 16 12 5 17 5 14 7 12 ]
Pmin = [ 110 97 173 141 54 196 37 152 53 129 ]
Pmax = [ 199 175 338 263 71 377 59 281 103 220 ]
cf = [ 50.5475 30.3957 59.4023 31.4849 18.6989 51.2246 27.252 20.8812 69.3455 46.5663 ]
c0 = [ 151 131 227 176 81 250 67 205 95 169 ]
cp = [ 35.5147 28.5573 26.5345 22.202 41.0194 18.3745 39.624 19.9542 37.7521 32.5856 ]
D = [ 196 315 335 401 416 498 529 600 647 699 773 805 887 929 1028 1077 1141 1150 1231 1264 1328 1375 1451 1508 1540 1467 1380 1368 1266 1211 1162 1058 1000 916 890 919 988 998 1110 1172 1178 1079 1023 893 780 700 564 461 355 394 477 525 546 618 633 737 762 810 856 935 958 976 1067 1110 1183 1210 1270 1282 1358 1393 1466 1500 1572 1454 1411 1353 1284 1160 1091 1023 957 920 781 906 974 1020 1130 1173 1285 1148 1044 953 853 790 692 547 ]
