n = 10 ; 
T = 96 ; 
Init = [ 1 1 1 0 1 1 0 0 0 1 ]
L = [ 9 10 10 7 13 7 14 15 11 8 ]
l = [ 9 10 10 7 13 7 14 15 11 8 ]
Pmin = [ 109 104 94 76 153 69 179 167 109 81 ]
Pmax = [ 183 182 176 123 268 114 317 297 188 158 ]
cf = [ 46.737 31.7118 61.1474 11.4506 10.8527 26.7089 56.0898 66.2005 49.0673 58.2744 ]
c0 = [ 153 143 125 123 208 107 235 221 151 114 ]
cp = [ 26.1582 29.3354 30.1475 35.3311 21.7525 38.4976 13.0744 27.5036 30.2772 33.2579 ]
D = [ 274 337 373 432 486 545 641 679 719 798 842 852 954 997 1055 1070 1137 1246 1293 1307 1347 1411 1456 1576 1621 1546 1457 1363 1286 1229 1156 1089 973 949 819 908 959 1008 1081 1184 1258 1155 1048 937 822 717 634 531 450 462 516 577 575 678 669 753 790 857 900 921 933 1001 1077 1075 1152 1200 1209 1283 1326 1391 1452 1492 1507 1454 1365 1345 1249 1197 1128 1047 962 900 835 912 983 1073 1188 1251 1295 1229 1090 991 879 770 691 610 ]
