n = 10 ; 
T = 96 ; 
Init = [ 0 0 1 0 1 0 1 1 0 0 ]
L = [ 9 16 4 5 14 8 17 8 15 13 ]
l = [ 9 16 4 5 14 8 17 8 15 13 ]
Pmin = [ 90 186 36 53 156 84 195 87 165 145 ]
Pmax = [ 179 338 56 74 304 148 371 142 318 277 ]
cf = [ 50.6216 23.2507 65.4919 36.0069 57.3303 43.5741 7.86537 54.191 59.3749 32.5935 ]
c0 = [ 136 239 78 82 211 121 247 126 206 187 ]
cp = [ 35.5736 15.5841 40.3986 39.1827 23.9456 26.1359 17.3355 27.2857 20.3125 24.1196 ]
D = [ 226 261 325 393 463 530 560 622 704 756 798 919 981 1018 1045 1118 1176 1245 1293 1391 1411 1517 1573 1647 1686 1578 1508 1461 1382 1339 1222 1201 1133 1020 933 1021 1136 1166 1256 1318 1413 1285 1135 1033 881 771 681 527 437 489 516 610 664 715 729 812 817 882 968 1006 1056 1155 1158 1237 1276 1340 1366 1474 1512 1560 1641 1694 1703 1625 1573 1476 1405 1337 1234 1167 1096 1040 938 1019 1110 1192 1302 1344 1437 1298 1190 999 904 745 652 543 ]
