n = 10 ; 
T = 96 ; 
Init = [ 0 1 1 1 0 1 0 1 1 0 ]
L = [ 8 6 19 18 14 8 15 18 9 18 ]
l = [ 8 6 19 18 14 8 15 18 9 18 ]
Pmin = [ 97 60 210 203 144 69 181 181 92 205 ]
Pmax = [ 155 92 420 393 279 125 333 362 175 387 ]
cf = [ 17.0135 16.1366 64.2464 16.2299 54.5457 26.8795 29.6544 39.202 29.9248 21.4584 ]
c0 = [ 144 87 250 250 187 100 222 237 126 250 ]
cp = [ 30.1131 30.7782 9.04927 14.7407 22.4379 35.1001 12.978 13.6096 36.6577 10.3229 ]
D = [ 346 463 509 554 688 678 834 900 948 1033 1053 1176 1163 1246 1315 1404 1468 1535 1602 1688 1719 1838 1928 1973 2079 1905 1829 1748 1629 1589 1451 1373 1288 1220 1118 1203 1346 1437 1519 1640 1747 1628 1466 1339 1235 1073 965 857 661 725 808 851 929 1022 1036 1072 1118 1235 1278 1344 1359 1471 1481 1572 1659 1683 1773 1787 1878 1978 2025 2091 2128 2052 1938 1851 1728 1642 1541 1483 1401 1323 1247 1272 1406 1464 1556 1675 1790 1627 1423 1347 1144 981 842 758 ]
