n = 10 ; 
T = 96 ; 
Init = [ 1 0 1 0 1 0 0 1 1 1 ]
L = [ 19 7 5 11 11 10 13 16 9 15 ]
l = [ 19 7 5 11 11 10 13 16 9 15 ]
Pmin = [ 210 57 44 112 107 101 144 172 97 154 ]
Pmax = [ 420 107 69 210 207 180 271 331 182 292 ]
cf = [ 38.13 12.3329 67.2842 32.2073 48.9542 24.8469 68.2055 16.3377 30.4948 64.2729 ]
c0 = [ 250 91 77 150 158 132 187 229 136 206 ]
cp = [ 9.61113 38.6387 41.798 28.3467 28.7967 38.4272 13.2215 20.5415 29.8197 13.9553 ]
D = [ 229 296 341 437 503 555 640 643 771 774 826 888 989 1080 1106 1157 1227 1296 1338 1441 1456 1544 1624 1651 1756 1658 1573 1458 1420 1313 1261 1120 1093 950 918 989 1078 1164 1251 1332 1434 1297 1164 1017 910 741 658 485 410 426 503 559 647 690 716 779 852 893 937 1023 1040 1143 1158 1249 1280 1364 1397 1418 1499 1586 1629 1670 1728 1670 1546 1500 1439 1383 1241 1196 1101 1054 1009 1017 1103 1174 1264 1292 1423 1323 1204 1046 994 833 784 632 ]
