n = 10 ; 
T = 96 ; 
Init = [ 1 0 0 0 0 0 0 1 1 1 ]
L = [ 8 13 9 16 14 13 6 6 11 14 ]
l = [ 8 13 9 16 14 13 6 6 11 14 ]
Pmin = [ 89 137 91 173 156 144 56 61 127 154 ]
Pmax = [ 145 252 158 336 306 278 82 85 217 280 ]
cf = [ 12.2512 38.9329 13.388 33.5308 18.4752 61.2693 16.6529 25.5447 35.1199 44.8984 ]
c0 = [ 133 171 135 229 193 188 99 98 162 204 ]
cp = [ 33.2984 19.0932 25.6046 17.0468 21.4273 34.1054 40.6949 39.2474 21.2361 19.1111 ]
D = [ 288 353 388 442 509 600 586 672 738 810 838 862 957 964 1030 1096 1130 1226 1264 1320 1399 1414 1491 1509 1606 1499 1469 1340 1298 1204 1164 1110 1028 970 844 926 1055 1084 1199 1268 1316 1206 1118 1008 851 775 607 502 407 464 457 516 613 621 708 783 821 852 916 965 1015 1080 1107 1179 1208 1296 1337 1376 1424 1476 1551 1571 1647 1543 1528 1416 1331 1285 1215 1174 1060 1003 897 960 1062 1123 1136 1223 1264 1184 1093 954 816 699 580 491 ]
