n = 10 ; 
T = 96 ; 
Init = [ 0 1 1 0 0 1 1 1 1 1 ]
L = [ 18 15 8 13 18 16 12 6 17 12 ]
l = [ 18 15 8 13 18 16 12 6 17 12 ]
Pmin = [ 210 166 69 129 198 175 142 65 187 129 ]
Pmax = [ 408 329 127 256 369 324 246 101 355 247 ]
cf = [ 39.7177 32.4725 63.3192 47.5224 64.5335 67.2798 68.6988 56.4039 51.8742 27.4837 ]
c0 = [ 250 217 116 181 250 222 178 100 235 163 ]
cp = [ 13.6242 11.2311 37.3997 27.9631 10.7053 14.3361 31.3625 37.6903 19.6838 25.5384 ]
D = [ 259 353 477 556 625 639 725 826 957 945 1033 1139 1185 1302 1415 1423 1486 1589 1643 1776 1810 1868 2004 2019 2164 2000 1936 1858 1758 1711 1557 1482 1360 1346 1181 1341 1368 1503 1594 1769 1815 1656 1505 1354 1235 1026 900 674 557 583 703 740 795 836 961 968 1041 1091 1162 1221 1292 1327 1402 1504 1527 1580 1625 1740 1800 1852 1913 1922 2007 1956 1802 1758 1697 1570 1517 1504 1344 1350 1221 1334 1411 1531 1685 1775 1885 1697 1527 1388 1269 1114 923 767 ]
