n = 10 ; 
T = 96 ; 
Init = [ 0 0 0 0 1 0 1 0 0 0 ]
L = [ 5 15 14 7 8 20 14 15 5 11 ]
l = [ 5 15 14 7 8 20 14 15 5 11 ]
Pmin = [ 30 184 159 66 80 210 167 179 24 114 ]
Pmax = [ 52 335 287 110 138 420 303 334 40 190 ]
cf = [ 69.5295 26.4074 46.3252 40.2984 56.8171 30.4686 17.1248 37.673 27.6485 23.3386 ]
c0 = [ 70 233 199 100 115 250 219 224 49 159 ]
cp = [ 39.5014 19.0472 25.5475 26.0958 36.8243 8.30733 23.8606 12.5699 40.7677 25.2486 ]
D = [ 275 293 405 408 469 562 626 671 671 744 790 860 889 982 1034 1099 1145 1219 1235 1274 1367 1425 1449 1493 1540 1509 1449 1378 1311 1268 1185 1081 1001 976 892 949 1021 1076 1123 1212 1285 1149 1078 950 853 708 591 485 403 397 471 517 589 588 634 731 786 795 880 905 968 976 1083 1067 1131 1193 1260 1301 1334 1386 1444 1516 1565 1449 1400 1369 1317 1223 1154 1135 1058 1015 922 999 1037 1143 1198 1313 1380 1221 1134 1038 909 809 720 608 ]
