n = 10 ; 
T = 96 ; 
Init = [ 0 0 0 1 1 0 0 1 1 0 ]
L = [ 14 16 7 14 4 5 7 18 19 17 ]
l = [ 14 16 7 14 4 5 7 18 19 17 ]
Pmin = [ 165 191 81 143 25 23 53 196 199 204 ]
Pmax = [ 304 369 128 282 40 40 102 386 396 371 ]
cf = [ 48.5088 44.5861 30.7516 32.5472 47.9979 50.8236 44.0425 56.9892 20.5326 49.5524 ]
c0 = [ 210 249 119 196 53 50 89 244 250 250 ]
cp = [ 18.7706 21.7014 39.2275 22.486 40.8777 39.7103 29.1778 12.003 8.70109 15.2718 ]
D = [ 247 316 356 443 506 615 662 682 763 839 894 970 988 1034 1129 1204 1273 1281 1420 1410 1519 1580 1643 1688 1783 1671 1637 1563 1462 1441 1353 1272 1178 1149 1093 1162 1263 1354 1463 1502 1608 1465 1275 1173 1015 858 688 537 370 479 545 570 634 696 770 802 845 908 996 999 1075 1140 1231 1225 1305 1343 1431 1519 1518 1573 1655 1728 1766 1712 1591 1551 1426 1375 1310 1197 1117 1062 996 1107 1158 1292 1379 1497 1637 1430 1330 1165 1046 900 753 658 ]
