n = 10 ; 
T = 96 ; 
Init = [ 1 1 0 1 1 0 0 1 0 0 ]
L = [ 6 9 16 7 7 19 16 9 5 16 ]
l = [ 6 9 16 7 7 19 16 9 5 16 ]
Pmin = [ 43 85 194 75 70 210 164 96 32 186 ]
Pmax = [ 83 168 350 121 130 420 326 185 62 353 ]
cf = [ 19.3167 26.0377 68.063 15.0704 11.3006 44.5638 62.482 20.8379 41.7296 18.2427 ]
c0 = [ 67 117 238 109 99 250 213 132 59 228 ]
cp = [ 38.2034 33.147 11.8694 36.6179 37.6771 10.7659 25.6357 29.0704 32.0175 20.6499 ]
D = [ 195 220 298 374 388 497 543 568 611 661 745 824 871 934 1004 1052 1114 1120 1216 1217 1290 1353 1446 1472 1487 1435 1410 1343 1267 1227 1180 1116 1046 950 907 996 1012 1089 1147 1222 1294 1201 1049 933 848 711 659 509 404 443 493 573 578 694 689 787 846 840 930 956 1039 1080 1126 1148 1252 1306 1334 1386 1472 1496 1576 1566 1651 1569 1504 1423 1392 1271 1229 1144 1081 965 908 1003 1087 1108 1178 1268 1302 1170 1066 962 890 781 647 555 ]
