n = 10 ; 
T = 96 ; 
Init = [ 1 1 0 0 1 0 0 0 1 0 ]
L = [ 9 6 18 10 9 15 9 8 7 8 ]
l = [ 9 6 18 10 9 15 9 8 7 8 ]
Pmin = [ 85 53 196 105 99 165 96 70 72 80 ]
Pmax = [ 169 93 383 184 159 300 185 129 121 150 ]
cf = [ 44.2619 38.7232 10.3514 18.3037 51.3115 17.4269 32.8218 38.7346 48.7949 69.8642 ]
c0 = [ 125 79 243 148 143 203 127 100 99 113 ]
cp = [ 27.5488 36.0466 10.7167 33.4105 24.3629 24.3126 19.1714 30.1417 38.062 24.1583 ]
D = [ 154 191 265 314 370 424 434 519 530 615 644 682 764 799 829 866 919 1004 1014 1074 1130 1168 1243 1245 1292 1283 1188 1165 1074 1042 957 923 880 820 788 804 861 901 955 1034 1111 997 918 820 693 596 547 424 341 376 412 450 506 575 577 598 697 722 756 792 840 895 932 965 1019 1021 1076 1110 1126 1176 1236 1249 1344 1280 1233 1180 1100 1034 977 967 895 834 761 808 879 931 958 1028 1065 1009 938 845 744 670 569 482 ]
