n = 10 ; 
T = 96 ; 
Init = [ 0 1 0 0 1 1 1 1 1 0 ]
L = [ 18 4 10 16 17 14 15 15 8 16 ]
l = [ 18 4 10 16 17 14 15 15 8 16 ]
Pmin = [ 197 43 118 187 206 153 181 150 84 172 ]
Pmax = [ 388 59 210 362 383 272 330 296 133 328 ]
cf = [ 48.8974 62.2644 41.2823 44.4774 60.3077 24.4641 51.1933 45.3044 25.0242 15.2105 ]
c0 = [ 238 83 154 229 250 200 238 205 126 224 ]
cp = [ 11.4481 41.9265 18.9687 24.6022 18.8866 22.4774 29.7749 17.3207 38.2207 16.7306 ]
D = [ 477 545 616 696 744 868 916 933 1008 1147 1212 1275 1351 1421 1456 1533 1601 1657 1702 1775 1855 1941 2054 2125 2180 2109 1996 1829 1793 1664 1600 1452 1416 1257 1214 1268 1372 1514 1608 1717 1834 1666 1512 1379 1211 1116 989 819 657 759 810 818 907 985 1057 1021 1134 1158 1279 1334 1319 1384 1433 1547 1596 1645 1670 1793 1833 1871 1877 1968 2024 1964 1858 1771 1687 1626 1548 1483 1372 1288 1270 1348 1348 1502 1582 1638 1664 1595 1436 1272 1116 1044 936 773 ]
