n = 10 ; 
T = 96 ; 
Init = [ 0 1 1 1 1 0 1 1 0 0 ]
L = [ 10 5 7 16 12 5 19 16 8 10 ]
l = [ 10 5 7 16 12 5 19 16 8 10 ]
Pmin = [ 110 61 74 177 118 39 210 176 91 127 ]
Pmax = [ 201 94 143 350 222 71 420 339 145 218 ]
cf = [ 39.7525 53.2997 40.8519 38.5096 33.961 48.1315 27.0919 12.4942 34.157 55.419 ]
c0 = [ 158 92 103 234 169 79 250 214 122 171 ]
cp = [ 33.7872 36.7363 32.661 17.0259 19.1171 39.912 8.68097 21.1449 25.8806 23.9695 ]
D = [ 214 240 300 338 404 462 564 595 642 730 758 796 885 930 976 1022 1066 1127 1231 1271 1328 1376 1464 1504 1576 1499 1443 1387 1277 1273 1207 1151 1045 982 907 997 1049 1064 1127 1170 1287 1167 1036 958 826 756 668 523 450 516 560 565 636 686 712 770 815 847 931 974 994 1042 1085 1137 1196 1228 1273 1314 1389 1458 1470 1504 1588 1515 1401 1361 1300 1223 1164 1076 1017 956 897 987 1054 1098 1128 1192 1223 1136 1044 965 879 783 709 565 ]
