n = 10 ; 
T = 96 ; 
Init = [ 0 1 1 1 0 1 1 0 0 0 ]
L = [ 19 13 6 13 6 17 12 8 12 15 ]
l = [ 19 13 6 13 6 17 12 8 12 15 ]
Pmin = [ 210 153 58 161 53 202 129 80 138 176 ]
Pmax = [ 407 290 89 297 75 371 231 153 242 340 ]
cf = [ 59.972 23.9563 56.3365 42.5792 23.215 61.5912 34.2515 41.8721 56.4651 9.88059 ]
c0 = [ 250 200 83 206 91 250 179 109 191 234 ]
cp = [ 10.3546 20.1343 41.1762 29.4709 37.5402 15.0872 36.0888 31.9548 31.7494 19.6251 ]
D = [ 296 424 474 498 597 604 718 748 793 859 903 978 1031 1096 1159 1214 1353 1369 1466 1504 1577 1642 1727 1726 1810 1779 1680 1545 1504 1467 1332 1293 1238 1091 1014 1148 1180 1306 1325 1424 1470 1354 1266 1103 990 903 732 613 527 607 595 704 761 774 834 932 969 1066 1102 1152 1248 1259 1349 1413 1450 1480 1598 1643 1710 1789 1846 1865 1898 1818 1768 1648 1632 1499 1453 1358 1246 1213 1084 1218 1303 1340 1429 1492 1567 1506 1350 1253 1059 935 842 709 ]
