n = 10 ; 
T = 96 ; 
Init = [ 1 1 1 1 1 0 0 1 1 0 ]
L = [ 8 10 17 8 17 12 13 14 7 15 ]
l = [ 8 10 17 8 17 12 13 14 7 15 ]
Pmin = [ 81 99 176 82 191 132 137 169 64 180 ]
Pmax = [ 129 185 341 124 359 232 237 308 115 329 ]
cf = [ 18.7905 18.3407 41.7246 28.2389 22.671 64.5692 34.336 23.885 62.3932 12.4728 ]
c0 = [ 120 134 219 130 250 166 190 223 104 226 ]
cp = [ 29.3052 27.6527 20.4839 22.8787 15.6094 23.5323 21.183 24.989 32.9608 14.7368 ]
D = [ 249 244 349 424 463 527 582 680 743 771 874 944 960 1051 1111 1188 1260 1320 1346 1401 1533 1533 1630 1669 1798 1693 1590 1554 1504 1394 1310 1281 1182 1139 1040 1074 1190 1322 1390 1424 1519 1407 1307 1135 1049 864 785 626 452 574 566 669 682 791 838 895 913 1005 1036 1085 1152 1211 1290 1322 1363 1470 1511 1572 1632 1714 1742 1830 1885 1738 1701 1623 1521 1414 1286 1261 1137 1025 965 1048 1078 1178 1260 1332 1466 1329 1199 1069 1014 905 750 679 ]
