n = 10 ; 
T = 96 ; 
Init = [ 0 0 1 0 1 0 0 0 1 1 ]
L = [ 12 10 16 13 7 9 16 11 9 12 ]
l = [ 12 10 16 13 7 9 16 11 9 12 ]
Pmin = [ 128 108 194 140 49 100 167 133 101 125 ]
Pmax = [ 237 201 354 257 89 167 323 236 182 222 ]
cf = [ 8.75617 23.845 13.2572 68.4479 23.8595 14.3286 26.1239 40.2029 60.2851 67.8535 ]
c0 = [ 177 154 247 174 89 137 206 181 152 161 ]
cp = [ 22.372 34.4475 13.7992 18.3292 39.3139 37.4455 26.5041 30.2505 29.2457 18.1683 ]
D = [ 332 376 417 489 589 645 648 744 797 828 897 1000 1015 1049 1175 1205 1227 1295 1388 1401 1491 1573 1599 1707 1737 1634 1583 1522 1423 1310 1275 1153 1101 1049 940 1029 1149 1237 1286 1401 1538 1370 1224 1089 974 818 732 580 472 517 571 581 653 726 793 832 872 973 963 1031 1103 1163 1178 1243 1333 1367 1396 1451 1547 1575 1646 1719 1792 1706 1630 1494 1418 1360 1252 1154 1085 1054 912 1012 1073 1171 1180 1303 1371 1213 1094 1001 925 766 683 566 ]
