n = 10 ; 
T = 96 ; 
Init = [ 1 1 0 1 1 1 1 1 1 0 ]
L = [ 16 18 18 6 17 19 8 12 17 11 ]
l = [ 16 18 18 6 17 19 8 12 17 11 ]
Pmin = [ 173 194 202 39 189 199 72 127 187 109 ]
Pmax = [ 338 383 398 74 359 396 127 238 360 212 ]
cf = [ 54.8845 43.2043 61.5948 38.9348 47.5332 66.4419 42.6561 67.6553 32.9285 54.3395 ]
c0 = [ 226 237 250 69 240 250 99 179 229 148 ]
cp = [ 18.6033 12.7413 12.236 36.3738 12.2627 10.6019 28.4546 22.6539 10.5045 31.52 ]
D = [ 279 362 417 559 636 670 777 896 952 1047 1097 1167 1286 1324 1422 1463 1538 1618 1688 1826 1920 1920 2021 2154 2198 2060 1964 1876 1865 1715 1661 1516 1470 1391 1210 1365 1443 1593 1687 1842 1907 1715 1602 1449 1314 1121 1029 890 747 733 827 935 919 1019 1111 1139 1180 1220 1296 1352 1405 1526 1552 1646 1653 1725 1775 1839 1947 1994 2073 2137 2142 2084 1956 1860 1772 1714 1687 1591 1458 1366 1317 1407 1556 1639 1697 1825 1988 1780 1624 1498 1251 1160 968 767 ]
