n = 10 ; 
T = 96 ; 
Init = [ 0 0 0 1 1 1 1 1 0 0 ]
L = [ 17 17 9 10 7 15 14 9 12 16 ]
l = [ 17 17 9 10 7 15 14 9 12 16 ]
Pmin = [ 194 204 105 97 63 162 139 99 128 189 ]
Pmax = [ 366 382 185 192 109 303 277 177 256 351 ]
cf = [ 67.0827 19.5611 57.4382 51.8107 66.0637 25.6192 7.16874 69.0399 56.6145 69.519 ]
c0 = [ 236 250 155 139 97 203 184 150 173 229 ]
cp = [ 16.7541 15.3732 31.895 17.4967 31.9467 18.5578 26.961 36.3721 24.4781 23.3022 ]
D = [ 358 492 515 601 691 683 808 835 875 971 1062 1097 1219 1258 1344 1334 1450 1469 1601 1621 1660 1735 1817 1855 2001 1860 1814 1683 1656 1495 1456 1314 1223 1141 1109 1221 1244 1362 1435 1522 1670 1546 1380 1273 1122 976 882 694 620 653 729 736 811 843 911 1001 1081 1095 1181 1266 1335 1353 1458 1465 1553 1565 1629 1724 1789 1788 1864 1915 2040 1913 1845 1752 1699 1544 1475 1425 1332 1192 1090 1200 1309 1404 1544 1675 1724 1556 1466 1278 1157 1025 874 693 ]
