n = 10 ; 
T = 96 ; 
Init = [ 0 1 1 1 0 0 1 0 0 0 ]
L = [ 7 19 4 11 6 7 7 11 5 13 ]
l = [ 7 19 4 11 6 7 7 11 5 13 ]
Pmin = [ 61 210 29 106 71 81 73 109 45 158 ]
Pmax = [ 109 411 38 191 120 145 116 199 56 294 ]
cf = [ 25.1581 33.4586 16.405 51.3806 44.1703 14.4319 47.8113 9.06767 21.2166 17.4237 ]
c0 = [ 95 250 68 152 115 129 101 147 88 209 ]
cp = [ 28.071 10.2121 41.7947 25.4646 38.0824 34.1095 38.5734 20.4996 41.1676 26.7188 ]
D = [ 133 196 233 232 316 337 380 427 452 494 543 577 626 689 698 741 830 846 875 942 953 1008 1051 1081 1147 1094 1023 971 941 898 823 816 744 714 663 676 719 764 832 858 902 817 778 720 655 583 526 457 390 392 452 451 485 544 564 606 641 652 673 729 741 782 787 800 865 903 918 962 976 997 1042 1049 1077 1047 999 950 941 878 836 799 760 698 681 730 729 786 847 903 942 825 789 691 636 524 461 390 ]
