n = 10 ; 
T = 96 ; 
Init = [ 1 0 0 0 1 1 0 1 1 1 ]
L = [ 11 19 6 7 8 13 14 17 10 14 ]
l = [ 11 19 6 7 8 13 14 17 10 14 ]
Pmin = [ 115 210 48 63 84 141 161 197 118 145 ]
Pmax = [ 207 412 69 123 166 255 282 364 201 282 ]
cf = [ 46.994 57.8676 53.0607 51.0783 34.4758 47.3293 62.6562 63.1087 67.943 28.8059 ]
c0 = [ 147 250 84 103 114 192 206 247 161 191 ]
cp = [ 32.6978 8.86777 41.4615 35.8845 27.4947 19.5381 19.7465 15.5077 28.7071 27.6908 ]
D = [ 244 356 399 478 520 588 660 652 726 810 837 886 942 1049 1105 1164 1195 1264 1317 1346 1473 1464 1589 1639 1636 1585 1513 1468 1380 1310 1227 1178 1084 1063 958 1078 1142 1203 1335 1415 1502 1307 1236 1104 957 806 675 501 363 478 486 564 677 710 769 803 901 902 990 1058 1101 1149 1275 1296 1393 1438 1462 1577 1608 1635 1738 1753 1861 1772 1630 1584 1505 1348 1312 1231 1130 1041 901 1021 1075 1180 1196 1287 1411 1259 1161 993 906 796 667 539 ]
