n = 10 ; 
T = 96 ; 
Init = [ 0 1 0 1 0 1 0 1 0 1 ]
L = [ 8 16 14 13 19 8 15 14 18 8 ]
l = [ 8 16 14 13 19 8 15 14 18 8 ]
Pmin = [ 75 167 144 149 200 90 166 152 200 76 ]
Pmax = [ 119 325 284 282 398 143 318 287 372 121 ]
cf = [ 47.7521 67.2213 68.8522 14.4697 46.3539 13.2478 40.7362 28.7963 39.6375 58.6205 ]
c0 = [ 107 212 189 191 247 128 211 196 250 117 ]
cp = [ 33.8577 19.1472 24.7823 23.9979 12.1958 32.7607 29.9225 22.705 11.7867 36.4352 ]
D = [ 331 452 468 583 638 750 817 890 922 975 1047 1179 1226 1302 1374 1410 1484 1583 1622 1708 1763 1844 1969 2007 2104 1998 1851 1750 1710 1623 1520 1426 1298 1230 1089 1238 1325 1382 1533 1670 1709 1597 1441 1282 1084 929 825 630 495 539 569 654 738 766 819 913 935 991 1054 1107 1210 1227 1350 1406 1468 1532 1612 1630 1698 1778 1847 1918 1962 1848 1803 1723 1586 1557 1420 1316 1269 1191 1110 1181 1255 1352 1456 1580 1672 1549 1436 1341 1174 1032 931 764 ]
