n = 10 ; 
T = 96 ; 
Init = [ 0 1 0 1 1 0 0 1 0 1 ]
L = [ 16 14 16 10 11 11 19 17 5 16 ]
l = [ 16 14 16 10 11 11 19 17 5 16 ]
Pmin = [ 183 173 177 104 127 113 206 177 54 192 ]
Pmax = [ 349 319 339 180 230 200 404 347 86 350 ]
cf = [ 45.8814 49.7298 68.1389 10.9054 63.2808 67.4121 20.789 16.0789 22.9587 67.4072 ]
c0 = [ 229 230 220 147 163 155 250 223 96 230 ]
cp = [ 16.3362 28.1467 11.1803 33.8905 26.6468 20.5814 10.9722 24.0706 38.7781 21.1464 ]
D = [ 242 307 436 492 597 659 768 828 921 966 1084 1114 1258 1267 1329 1494 1562 1630 1727 1804 1856 1959 1965 2106 2124 2026 2009 1908 1807 1680 1570 1551 1410 1350 1213 1283 1391 1470 1617 1643 1784 1640 1479 1354 1236 1059 924 796 662 720 778 876 915 965 1055 1060 1190 1258 1312 1378 1402 1531 1613 1624 1712 1825 1885 1876 1970 2048 2160 2220 2306 2163 2005 1944 1813 1775 1669 1478 1431 1315 1250 1281 1445 1509 1574 1703 1768 1674 1466 1342 1213 1020 935 827 ]
