n = 10 ; 
T = 96 ; 
Init = [ 0 0 1 0 1 0 1 1 0 0 ]
L = [ 5 7 16 14 4 6 13 20 13 14 ]
l = [ 5 7 16 14 4 6 13 20 13 14 ]
Pmin = [ 33 77 182 170 48 69 121 210 147 169 ]
Pmax = [ 48 115 345 305 60 101 242 419 271 309 ]
cf = [ 24.9235 41.312 25.2979 62.7379 39.195 7.04689 38.5338 45.7331 23.8788 29.107 ]
c0 = [ 73 125 230 220 92 114 165 250 192 222 ]
cp = [ 32.1782 38.3271 21.5167 18.9558 39.1965 37.8708 26.9431 12.339 16.1806 22.7028 ]
D = [ 254 358 398 456 507 556 620 682 773 843 854 944 992 1037 1089 1154 1236 1306 1354 1406 1450 1532 1549 1672 1730 1615 1541 1475 1406 1304 1211 1189 1060 1020 925 1011 1040 1173 1190 1322 1394 1243 1142 1011 918 809 684 542 397 439 488 567 613 674 691 785 830 832 874 957 1014 1069 1106 1151 1150 1245 1288 1325 1365 1395 1457 1505 1528 1453 1409 1372 1266 1224 1191 1082 1035 932 928 937 1050 1073 1130 1241 1291 1163 1058 939 819 705 583 487 ]
