n = 10 ; 
T = 96 ; 
Init = [ 1 1 0 0 0 0 1 1 1 1 ]
L = [ 9 14 19 13 18 4 4 17 5 9 ]
l = [ 9 14 19 13 18 4 4 17 5 9 ]
Pmin = [ 83 166 210 123 202 29 28 196 39 90 ]
Pmax = [ 161 294 415 245 378 42 41 358 74 142 ]
cf = [ 47.7518 59.1646 18.8235 21.0981 14.3219 33.6579 37.3162 29.2797 64.1094 17.4105 ]
c0 = [ 117 216 250 166 246 61 70 249 76 129 ]
cp = [ 24.1249 20.9578 9.68977 19.3291 10.4248 40.4955 35.8449 10.5823 39.4928 35.5974 ]
D = [ 253 268 343 413 446 508 606 664 692 741 779 892 907 997 1037 1115 1143 1196 1229 1329 1375 1429 1463 1570 1593 1510 1425 1359 1282 1241 1129 1031 947 923 838 877 935 1038 1078 1176 1202 1117 1026 904 781 674 573 491 374 389 452 542 550 625 647 692 734 806 845 872 937 1017 1033 1063 1115 1162 1218 1293 1356 1398 1459 1453 1501 1473 1420 1336 1239 1172 1137 1086 986 896 887 969 1057 1105 1184 1265 1406 1271 1125 1007 904 795 659 560 ]
