n = 10 ; 
T = 96 ; 
Init = [ 1 1 0 0 1 0 1 0 1 1 ]
L = [ 5 17 18 8 14 6 10 10 16 4 ]
l = [ 5 17 18 8 14 6 10 10 16 4 ]
Pmin = [ 25 185 206 68 173 47 117 118 179 26 ]
Pmax = [ 48 340 381 119 310 71 194 197 324 44 ]
cf = [ 44.2485 51.0811 16.841 56.5778 54.9291 66.1804 66.3176 27.5767 39.3824 16.5697 ]
c0 = [ 52 223 250 94 231 75 154 167 227 48 ]
cp = [ 40.3492 18.4514 11.1419 33.1583 17.4645 30.3064 31.6405 28.0096 16.6441 41.8375 ]
D = [ 335 350 443 482 489 539 584 643 732 736 790 894 906 994 1010 1058 1116 1141 1218 1252 1341 1364 1398 1446 1482 1440 1353 1313 1227 1193 1105 1010 940 895 855 891 996 1098 1144 1221 1278 1209 1090 990 892 807 704 549 484 491 589 578 633 694 731 754 862 872 894 959 997 1041 1064 1125 1201 1221 1259 1302 1374 1417 1467 1492 1536 1484 1385 1342 1224 1156 1115 1047 942 890 832 891 944 1032 1136 1187 1306 1194 1071 924 812 734 604 523 ]
