n = 10 ; 
T = 96 ; 
Init = [ 0 0 0 1 1 0 1 1 1 1 ]
L = [ 5 7 9 18 14 19 18 17 11 17 ]
l = [ 5 7 9 18 14 19 18 17 11 17 ]
Pmin = [ 42 55 91 190 155 207 209 184 129 208 ]
Pmax = [ 79 106 179 379 272 414 417 357 225 376 ]
cf = [ 67.9754 33.8822 68.762 55.6938 36.0361 13.8062 20.6672 35.7508 27.4687 65.0586 ]
c0 = [ 84 81 125 248 197 250 250 225 178 250 ]
cp = [ 34.072 35.4145 31.9039 14.7013 19.9455 9.27017 10.1746 29.6424 23.1047 14.8297 ]
D = [ 506 493 615 663 800 837 871 1030 1091 1182 1195 1251 1394 1435 1549 1598 1658 1719 1821 1861 1988 2056 2107 2162 2313 2142 2016 1936 1819 1691 1659 1488 1369 1287 1185 1240 1425 1490 1628 1704 1785 1598 1485 1275 1150 980 839 603 496 578 576 738 803 829 886 931 1033 1123 1156 1285 1285 1368 1486 1547 1573 1666 1707 1805 1853 1944 1983 2122 2139 2032 1980 1878 1758 1643 1583 1522 1420 1287 1222 1297 1304 1408 1554 1593 1716 1503 1373 1295 1094 1011 828 678 ]
