n = 10 ; 
T = 96 ; 
Init = [ 1 1 1 0 0 0 1 0 0 0 ]
L = [ 7 20 13 15 6 16 9 7 17 15 ]
l = [ 7 20 13 15 6 16 9 7 17 15 ]
Pmin = [ 61 210 160 161 60 172 79 68 191 166 ]
Pmax = [ 98 420 287 312 92 335 143 109 364 314 ]
cf = [ 33.8327 38.0322 22.0989 25.0547 12.2277 9.62547 40.3269 26.4873 36.4309 56.3071 ]
c0 = [ 89 250 199 218 93 228 124 109 239 218 ]
cp = [ 37.5576 8.7595 29.0241 20.0671 28.7268 16.1149 29.1981 36.8545 10.8493 19.6691 ]
D = [ 211 257 378 398 507 546 620 710 773 833 952 977 1034 1142 1230 1312 1391 1402 1463 1546 1623 1681 1803 1863 1933 1833 1748 1654 1521 1453 1397 1270 1176 1087 990 1038 1182 1272 1338 1393 1472 1377 1258 1114 1055 872 821 687 557 645 660 674 773 789 848 893 947 1057 1104 1163 1190 1277 1310 1338 1402 1482 1500 1589 1588 1664 1731 1749 1811 1735 1664 1573 1494 1471 1342 1311 1241 1155 1085 1149 1276 1381 1436 1564 1644 1468 1378 1207 1147 953 840 708 ]
