n = 10 ; 
T = 96 ; 
Init = [ 0 0 1 0 0 0 1 1 1 0 ]
L = [ 10 17 9 13 7 15 5 18 6 11 ]
l = [ 10 17 9 13 7 15 5 18 6 11 ]
Pmin = [ 107 196 103 138 65 169 51 210 60 110 ]
Pmax = [ 200 366 167 243 126 315 71 411 99 200 ]
cf = [ 40.6109 23.4128 57.9161 61.1934 35.1884 44.8991 23.7027 57.2056 43.3134 8.8024 ]
c0 = [ 153 237 153 176 111 210 86 250 95 153 ]
cp = [ 28.0376 10.9009 34.7765 29.8255 36.4192 14.5292 39.736 12.5706 37.2859 35.5971 ]
D = [ 216 263 306 355 396 439 505 568 673 688 729 784 891 926 984 1026 1059 1169 1180 1288 1297 1390 1403 1449 1527 1456 1393 1341 1328 1220 1142 1134 1089 998 912 985 1085 1143 1224 1301 1390 1271 1163 1046 906 800 670 579 484 535 578 644 691 741 782 781 884 906 918 990 1057 1068 1168 1147 1238 1270 1337 1349 1385 1446 1501 1543 1587 1543 1453 1385 1342 1266 1172 1088 1017 918 854 923 969 1040 1132 1235 1280 1163 1045 936 855 718 613 505 ]
