n = 10 ; 
T = 96 ; 
Init = [ 1 1 0 0 0 1 0 1 0 1 ]
L = [ 13 8 10 19 17 18 19 13 7 13 ]
l = [ 13 8 10 19 17 18 19 13 7 13 ]
Pmin = [ 138 67 112 210 183 210 210 149 74 147 ]
Pmax = [ 271 120 197 407 357 405 420 274 120 276 ]
cf = [ 21.3076 65.039 17.8499 56.4229 11.5703 31.1899 43.9834 69.0412 23.8528 67.618 ]
c0 = [ 179 99 155 250 234 250 250 195 102 181 ]
cp = [ 20.1827 36.5947 19.2553 12.1002 15.8613 15.53 9.00411 26.693 34.2779 21.2037 ]
D = [ 483 546 667 662 734 832 916 977 1008 1172 1155 1250 1316 1430 1475 1536 1670 1685 1771 1867 1910 2026 2045 2127 2173 2085 1991 1905 1812 1747 1597 1466 1391 1289 1177 1327 1476 1601 1739 1847 1965 1720 1555 1470 1266 1073 880 737 549 618 698 782 859 956 1048 1065 1114 1177 1318 1368 1421 1491 1567 1622 1707 1767 1817 1925 1991 2128 2105 2247 2265 2187 2070 1997 1874 1744 1609 1580 1447 1320 1206 1278 1376 1482 1596 1671 1768 1603 1501 1328 1162 966 873 623 ]
