n = 10 ; 
T = 96 ; 
Init = [ 1 0 0 0 1 1 1 0 0 1 ]
L = [ 12 10 13 11 12 19 7 17 16 6 ]
l = [ 12 10 13 11 12 19 7 17 16 6 ]
Pmin = [ 136 100 139 110 122 210 58 191 177 69 ]
Pmax = [ 238 189 249 192 240 420 110 362 348 101 ]
cf = [ 38.6191 55.3455 11.2519 62.6773 62.4898 55.9528 47.4201 14.6766 69.3034 42.4403 ]
c0 = [ 179 132 186 157 164 250 104 230 221 114 ]
cp = [ 30.4868 28.9692 14.7021 26.9184 29.7188 11.0454 28.9665 19.007 15.6961 34.7081 ]
D = [ 380 387 483 520 580 659 744 772 814 908 994 1052 1088 1101 1183 1260 1324 1347 1448 1498 1601 1613 1651 1712 1795 1743 1679 1554 1504 1405 1372 1273 1201 1121 1079 1160 1173 1309 1357 1432 1521 1395 1270 1135 1042 938 819 730 571 642 709 700 783 880 897 956 1014 1089 1070 1124 1232 1296 1283 1367 1400 1464 1557 1584 1642 1719 1772 1763 1840 1783 1691 1589 1469 1395 1285 1242 1106 1090 986 1058 1185 1224 1302 1435 1496 1362 1274 1168 965 892 737 595 ]
