n = 10 ; 
T = 96 ; 
Init = [ 1 1 1 1 0 0 0 0 1 1 ]
L = [ 5 7 5 16 16 10 4 6 7 5 ]
l = [ 5 7 5 16 16 10 4 6 7 5 ]
Pmin = [ 47 81 42 184 179 106 34 61 51 40 ]
Pmax = [ 90 123 57 347 334 193 39 94 94 75 ]
cf = [ 30.0499 61.3999 13.4283 50.6652 58.5199 18.8982 20.3215 15.501 61.7053 25.8058 ]
c0 = [ 75 116 81 223 234 156 63 102 95 72 ]
cp = [ 39.3974 31.5353 39.6167 13.8925 11.4851 19.9846 40.8084 38.4877 36.7253 33.2637 ]
D = [ 206 240 243 290 303 347 397 418 432 501 509 572 569 597 668 686 712 760 789 797 851 896 905 956 989 944 897 868 836 795 726 711 671 615 571 635 671 680 733 793 838 754 687 629 540 467 394 342 243 285 325 367 357 408 459 492 514 545 579 628 655 669 713 753 779 800 845 859 884 942 983 1007 1020 998 953 878 851 797 729 673 628 567 521 569 617 635 684 722 782 723 625 571 493 451 360 275 ]
