n = 10 ; 
T = 96 ; 
Init = [ 0 0 0 0 1 1 0 0 1 1 ]
L = [ 9 14 6 5 8 13 4 7 14 12 ]
l = [ 9 14 6 5 8 13 4 7 14 12 ]
Pmin = [ 76 151 59 27 87 157 25 68 164 132 ]
Pmax = [ 143 292 83 44 152 279 48 125 299 234 ]
cf = [ 56.563 15.8881 10.0881 69.4265 31.6006 40.8294 56.5048 8.67219 68.774 45.7178 ]
c0 = [ 123 205 105 69 137 198 54 109 220 168 ]
cp = [ 31.0758 14.7967 36.7902 41.0353 29.2277 24.8259 41.58 28.9475 17.3981 26.656 ]
D = [ 159 230 251 304 344 365 429 468 492 554 597 639 699 709 762 783 826 899 915 955 1050 1074 1128 1181 1202 1140 1073 1055 973 919 867 839 756 737 664 748 821 883 908 961 1041 980 890 790 696 616 549 455 420 437 475 497 555 572 621 677 693 711 736 787 840 888 894 947 958 1012 1028 1115 1104 1155 1174 1219 1284 1195 1176 1077 1027 979 903 848 781 763 693 754 766 815 895 943 973 908 837 749 640 538 466 388 ]
