n = 10 ; 
T = 96 ; 
Init = [ 0 0 1 1 0 1 0 1 0 0 ]
L = [ 13 12 12 14 7 12 8 15 19 18 ]
l = [ 13 12 12 14 7 12 8 15 19 18 ]
Pmin = [ 152 150 134 151 68 128 71 181 210 208 ]
Pmax = [ 273 263 257 286 112 255 136 324 420 402 ]
cf = [ 56.9696 62.367 55.7377 49.0532 25.6998 29.9681 28.1409 43.9508 16.0314 13.6506 ]
c0 = [ 190 201 172 190 96 180 99 221 250 250 ]
cp = [ 13.7728 22.9422 23.8452 27.6662 35.555 28.7467 28.2744 23.0276 10.6533 11.3813 ]
D = [ 333 417 467 552 655 722 794 862 877 1038 1097 1186 1179 1336 1335 1476 1541 1548 1679 1734 1800 1937 1989 2078 2082 2058 1916 1804 1788 1707 1563 1480 1409 1333 1168 1296 1382 1476 1505 1624 1712 1492 1392 1258 1119 944 784 635 496 567 580 672 691 774 847 876 998 987 1128 1171 1177 1274 1323 1437 1482 1571 1600 1671 1721 1770 1856 1884 2018 1869 1845 1697 1624 1502 1466 1356 1335 1249 1167 1187 1299 1405 1483 1561 1686 1508 1418 1245 1101 905 782 621 ]
