n = 10 ; 
T = 96 ; 
Init = [ 0 0 0 1 1 1 0 1 1 0 ]
L = [ 4 9 15 6 8 16 10 16 14 10 ]
l = [ 4 9 15 6 8 16 10 16 14 10 ]
Pmin = [ 33 78 153 67 94 180 103 200 161 107 ]
Pmax = [ 55 151 306 101 148 324 197 362 283 181 ]
cf = [ 33.0512 50.7195 50.9702 66.4379 26.1444 21.522 22.4665 63.0622 17.5814 55.225 ]
c0 = [ 61 117 198 115 142 228 153 240 216 148 ]
cp = [ 41.082 34.4466 18.1447 37.2518 30.5931 15.1317 26.0344 31.7586 13.2111 24.2307 ]
D = [ 234 233 315 395 393 467 508 595 665 671 751 795 831 916 955 1030 1109 1167 1173 1269 1282 1353 1380 1438 1528 1478 1375 1291 1273 1193 1114 1069 1002 951 862 941 972 1071 1113 1230 1280 1184 1057 995 861 788 677 567 536 569 601 662 658 741 780 831 900 890 940 1023 1059 1120 1167 1166 1201 1298 1349 1383 1449 1464 1530 1548 1618 1551 1476 1364 1324 1234 1142 1104 1001 965 873 949 1040 1100 1181 1296 1370 1258 1145 1082 915 804 694 587 ]
