n = 10 ; 
T = 96 ; 
Init = [ 0 1 0 0 1 0 0 0 1 1 ]
L = [ 12 7 13 6 14 11 19 17 11 11 ]
l = [ 12 7 13 6 14 11 19 17 11 11 ]
Pmin = [ 133 73 142 45 162 125 207 193 117 122 ]
Pmax = [ 252 125 257 71 298 228 404 374 214 228 ]
cf = [ 65.7273 51.7165 68.4986 23.1216 65.2507 45.9765 65.389 24.5996 21.9421 23.1657 ]
c0 = [ 182 119 182 78 213 175 250 250 165 162 ]
cp = [ 32.6254 39.5811 23.4221 39.5731 13.0245 33.144 13.0265 13.4284 34.9912 34.3187 ]
D = [ 209 268 338 444 519 578 633 717 811 878 905 1007 1016 1103 1196 1259 1306 1381 1465 1536 1584 1643 1739 1815 1871 1814 1719 1664 1541 1440 1412 1319 1208 1098 1042 1089 1204 1205 1266 1406 1404 1328 1241 1082 1024 878 794 714 594 602 673 731 811 830 932 915 991 1086 1124 1176 1218 1316 1333 1390 1481 1488 1556 1598 1710 1728 1820 1814 1857 1831 1728 1581 1503 1428 1311 1208 1168 1067 967 1044 1163 1202 1288 1347 1425 1293 1229 1092 1003 820 766 632 ]
