n = 10 ; 
T = 96 ; 
Init = [ 0 1 0 1 0 0 1 1 0 0 ]
L = [ 5 7 7 9 15 8 17 16 20 13 ]
l = [ 5 7 7 9 15 8 17 16 20 13 ]
Pmin = [ 40 61 81 103 159 80 198 168 210 138 ]
Pmax = [ 62 120 124 179 307 138 365 322 420 268 ]
cf = [ 19.5191 40.9024 48.7541 64.7508 19.0451 61.0849 36.6643 59.4816 17.1503 12.6908 ]
c0 = [ 77 98 122 136 214 122 246 222 250 177 ]
cp = [ 36.3805 36.3417 37.6752 37.738 19.981 30.766 12.2249 19.5523 8.84552 21.5135 ]
D = [ 260 359 356 464 508 546 609 647 769 796 818 920 1001 1055 1111 1125 1171 1251 1350 1415 1442 1515 1551 1605 1703 1604 1552 1461 1400 1290 1271 1140 1071 1065 984 1042 1083 1147 1261 1289 1397 1282 1162 1024 904 781 674 541 374 486 501 575 632 703 712 806 854 879 975 1013 1028 1113 1121 1205 1257 1299 1345 1404 1448 1554 1614 1657 1703 1626 1562 1463 1381 1306 1277 1168 1077 1009 996 1053 1148 1161 1259 1348 1406 1286 1173 1082 917 834 697 606 ]
