n = 10 ; 
T = 96 ; 
Init = [ 0 0 0 1 0 1 0 1 1 1 ]
L = [ 20 14 18 18 19 9 11 11 7 7 ]
l = [ 20 14 18 18 19 9 11 11 7 7 ]
Pmin = [ 210 156 197 210 210 83 118 111 52 85 ]
Pmax = [ 420 291 360 411 420 163 211 208 96 131 ]
cf = [ 36.3638 41.8769 58.0412 39.6855 26.6968 42.8751 21.7676 56.827 67.4317 34.8222 ]
c0 = [ 250 208 245 250 250 111 163 158 93 121 ]
cp = [ 11.4533 11.4348 17.2337 15.4406 9.77663 26.1642 22.3282 31.5577 34.6084 33.8212 ]
D = [ 429 469 493 581 698 703 799 886 953 985 1114 1165 1252 1303 1351 1406 1464 1611 1690 1721 1758 1861 1953 2040 2067 1952 1904 1773 1683 1593 1552 1410 1381 1295 1171 1277 1398 1480 1511 1629 1764 1635 1421 1354 1206 1061 980 820 720 730 834 818 870 932 1007 1057 1168 1190 1209 1323 1401 1436 1488 1558 1625 1612 1727 1795 1789 1875 1924 1994 2036 1914 1903 1771 1671 1596 1554 1407 1378 1291 1164 1297 1383 1443 1570 1618 1735 1589 1368 1273 1104 971 796 638 ]
