n = 10 ; 
T = 96 ; 
Init = [ 0 0 0 0 0 0 0 0 1 1 ]
L = [ 20 5 7 10 17 5 6 7 13 15 ]
l = [ 20 5 7 10 17 5 6 7 13 15 ]
Pmin = [ 210 35 65 98 182 39 67 70 125 150 ]
Pmax = [ 420 65 98 165 354 62 99 129 239 289 ]
cf = [ 34.675 55.6521 11.0812 41.5682 58.18 26.1482 61.2519 39.729 16.7889 66.2221 ]
c0 = [ 250 70 107 130 220 77 113 116 161 193 ]
cp = [ 8.35957 40.892 37.807 36.517 11.6422 33.6367 32.0129 35.0071 20.6825 14.0479 ]
D = [ 219 291 342 371 384 437 487 554 619 634 695 736 766 827 885 925 930 1008 1066 1099 1134 1161 1227 1301 1307 1255 1199 1139 1080 1039 958 918 843 768 712 803 874 962 1014 1104 1221 1100 995 848 742 650 558 410 297 350 425 449 506 521 545 621 676 719 721 760 807 882 912 968 1017 1058 1093 1131 1178 1237 1279 1285 1362 1325 1220 1165 1139 1075 972 917 863 852 777 801 886 976 1033 1070 1160 1077 953 889 778 701 590 544 ]
