n = 10 ; 
T = 96 ; 
Init = [ 1 1 0 0 1 1 1 0 0 1 ]
L = [ 13 14 5 18 19 10 17 7 15 15 ]
l = [ 13 14 5 18 19 10 17 7 15 15 ]
Pmin = [ 147 166 23 210 210 103 201 73 172 162 ]
Pmax = [ 264 302 43 397 420 191 365 116 334 301 ]
cf = [ 28.1151 42.1881 21.501 31.8769 29.8347 13.7322 14.3461 51.3109 46.1906 69.7797 ]
c0 = [ 196 204 48 250 250 152 250 120 213 207 ]
cp = [ 20.8316 31.7927 41.2586 14.5885 12.1337 26.5823 12.9813 37.5185 16.0888 19.2202 ]
D = [ 277 356 379 472 600 651 665 737 884 932 1023 1094 1104 1237 1332 1367 1395 1510 1608 1650 1763 1837 1881 1955 2021 1938 1866 1788 1650 1622 1447 1438 1324 1191 1110 1227 1340 1377 1492 1586 1690 1517 1392 1311 1196 1001 882 722 682 666 754 821 914 922 1031 1093 1106 1203 1240 1301 1406 1473 1465 1520 1615 1706 1778 1827 1829 1947 2010 2037 2071 2033 1874 1781 1681 1629 1477 1378 1341 1217 1123 1250 1387 1473 1601 1690 1812 1725 1531 1323 1241 1071 856 717 ]
