n = 10 ; 
T = 96 ; 
Init = [ 1 1 0 0 1 0 0 1 0 0 ]
L = [ 17 15 14 10 9 6 18 14 15 7 ]
l = [ 17 15 14 10 9 6 18 14 15 7 ]
Pmin = [ 182 182 175 116 86 55 187 166 177 74 ]
Pmax = [ 357 333 319 216 135 98 361 295 336 131 ]
cf = [ 24.6443 56.8587 48.1318 23.9095 49.9489 48.6485 8.46127 53.9374 19.9664 66.9351 ]
c0 = [ 233 226 218 154 124 87 233 220 219 118 ]
cp = [ 17.674 23.686 26.3325 28.3948 28.9365 37.9427 16.3582 33.2281 24.6904 27.2414 ]
D = [ 313 362 401 507 606 642 675 750 870 905 995 1011 1142 1182 1231 1324 1408 1415 1495 1545 1677 1755 1749 1856 1887 1797 1791 1673 1613 1466 1406 1333 1258 1168 1134 1189 1345 1375 1526 1646 1734 1573 1485 1301 1201 1007 849 766 559 694 720 736 859 850 976 1035 1047 1095 1160 1254 1261 1365 1421 1442 1502 1573 1576 1705 1740 1788 1869 1939 1969 1877 1778 1661 1609 1549 1439 1353 1284 1143 1105 1189 1247 1367 1453 1555 1666 1546 1381 1227 1153 988 887 729 ]
