n = 10 ; 
T = 96 ; 
Init = [ 0 1 1 1 1 0 0 0 0 1 ]
L = [ 13 11 14 15 12 6 6 18 17 11 ]
l = [ 13 11 14 15 12 6 6 18 17 11 ]
Pmin = [ 148 136 172 188 123 61 44 210 200 118 ]
Pmax = [ 267 247 305 345 234 106 72 385 379 197 ]
cf = [ 54.246 32.1216 60.8237 29.046 31.701 21.8671 26.8283 35.1876 25.7952 22.4797 ]
c0 = [ 195 170 219 238 165 93 73 250 250 167 ]
cp = [ 27.9878 20.959 15.4368 22.6749 23.7193 33.0691 35.7605 11.9148 10.7455 32.2267 ]
D = [ 287 411 424 479 570 621 734 778 864 893 1019 1090 1116 1197 1266 1305 1376 1415 1493 1606 1649 1713 1748 1888 1940 1812 1728 1670 1529 1492 1383 1272 1207 1129 1008 1168 1277 1316 1454 1582 1670 1537 1423 1312 1107 995 856 741 592 693 738 792 812 890 980 1054 1112 1097 1195 1267 1306 1368 1437 1491 1578 1578 1694 1696 1801 1853 1869 1911 2043 1926 1809 1708 1657 1510 1412 1308 1290 1178 1071 1127 1234 1357 1515 1623 1673 1529 1394 1255 1114 905 762 652 ]
