n = 10 ; 
T = 96 ; 
Init = [ 0 1 0 1 0 1 1 1 1 1 ]
L = [ 19 9 6 18 20 6 18 17 11 9 ]
l = [ 19 9 6 18 20 6 18 17 11 9 ]
Pmin = [ 210 91 57 209 210 45 210 176 124 99 ]
Pmax = [ 409 170 93 412 420 77 406 347 230 174 ]
cf = [ 53.1729 10.8113 52.7548 40.6474 61.5527 38.0027 56.0182 58.3288 58.1337 53.9793 ]
c0 = [ 250 140 84 250 250 75 250 226 170 129 ]
cp = [ 11.7212 33.7746 36.9025 14.9125 8.22915 32.6173 10.8706 10.4664 15.2231 34.1212 ]
D = [ 367 425 484 581 670 744 736 869 863 1018 1035 1091 1164 1203 1356 1373 1475 1473 1551 1636 1757 1801 1819 1943 1987 1944 1811 1724 1708 1580 1473 1425 1381 1265 1154 1316 1392 1483 1617 1712 1798 1698 1506 1323 1194 994 852 665 439 515 572 718 741 791 909 977 1000 1057 1160 1240 1266 1333 1383 1487 1582 1622 1705 1777 1794 1863 1976 2055 2058 1986 1890 1765 1692 1640 1529 1405 1270 1240 1103 1229 1302 1428 1554 1676 1792 1585 1442 1331 1124 964 797 617 ]
