n = 10 ; 
T = 96 ; 
Init = [ 1 0 1 0 0 0 1 1 1 1 ]
L = [ 12 15 11 19 5 5 12 17 4 8 ]
l = [ 12 15 11 19 5 5 12 17 4 8 ]
Pmin = [ 118 172 112 210 42 41 140 187 31 82 ]
Pmax = [ 235 312 215 416 54 52 257 361 41 143 ]
cf = [ 62.6917 59.7939 26.2634 44.4685 43.1237 54.9363 49.3308 35.5993 21.0783 18.4996 ]
c0 = [ 160 212 151 250 79 67 179 240 59 111 ]
cp = [ 19.7184 22.3971 29.085 12.3595 40.3742 40.133 22.6873 16.9885 41.9826 33.4421 ]
D = [ 191 198 296 308 394 425 503 568 614 691 703 786 801 843 899 970 1063 1117 1151 1198 1249 1297 1337 1441 1473 1391 1368 1295 1193 1124 1104 978 928 887 785 895 958 1008 1063 1117 1190 1123 991 945 866 737 640 600 491 538 590 641 664 709 722 808 833 853 954 936 987 1070 1120 1157 1168 1210 1259 1288 1351 1373 1408 1496 1507 1480 1414 1288 1232 1188 1092 1061 955 936 846 908 944 1013 1051 1136 1182 1059 996 896 746 690 586 470 ]
