n = 10 ; 
T = 96 ; 
Init = [ 1 0 0 1 0 1 1 0 0 0 ]
L = [ 11 7 4 6 4 10 16 17 7 10 ]
l = [ 11 7 4 6 4 10 16 17 7 10 ]
Pmin = [ 115 65 33 49 19 89 170 193 76 109 ]
Pmax = [ 218 107 45 92 35 163 330 365 116 184 ]
cf = [ 62.2532 47.9929 25.412 20.3796 62.1846 34.5594 21.3314 10.9168 9.66638 45.345 ]
c0 = [ 152 100 78 80 54 132 215 236 124 139 ]
cp = [ 35.5871 32.5194 41.1861 29.6755 40.9501 33.0652 21.2433 18.7802 33.4124 26.2339 ]
D = [ 189 239 292 328 347 398 404 483 511 534 578 607 669 703 719 783 810 866 860 935 973 997 1061 1090 1113 1069 1010 988 935 873 821 754 704 668 650 685 766 822 846 916 957 896 815 737 620 516 464 388 289 320 370 382 454 478 484 542 562 600 655 687 755 789 793 861 862 932 984 1010 1034 1095 1091 1149 1193 1109 1079 1023 988 907 879 814 778 711 672 715 731 809 820 870 949 860 785 724 631 574 492 413 ]
