n = 10 ; 
T = 96 ; 
Init = [ 1 0 1 1 0 0 1 0 0 1 ]
L = [ 13 11 9 12 5 4 4 14 13 8 ]
l = [ 13 11 9 12 5 4 4 14 13 8 ]
Pmin = [ 142 132 88 132 32 30 32 140 140 80 ]
Pmax = [ 250 246 143 232 54 37 51 274 275 154 ]
cf = [ 16.1005 12.223 48.0347 32.0893 41.3228 11.3377 51.3401 21.8943 20.146 20.6272 ]
c0 = [ 180 179 134 178 72 70 71 182 188 122 ]
cp = [ 25.7629 26.1421 27.7765 23.4058 40.6201 41.026 41.7721 21.9433 25.0869 32.5296 ]
D = [ 183 208 242 283 366 400 447 495 542 632 634 682 768 808 869 899 966 1024 1086 1081 1147 1182 1272 1310 1344 1316 1231 1143 1094 1024 931 885 790 739 684 765 841 926 1004 1078 1145 1065 968 846 756 670 586 456 408 408 438 522 563 572 618 656 698 708 776 834 857 873 933 966 985 1043 1068 1100 1155 1209 1245 1306 1311 1271 1192 1121 1105 1056 992 924 837 820 740 777 852 958 994 1072 1149 1049 923 819 695 590 538 394 ]
