n = 10 ; 
T = 96 ; 
Init = [ 1 0 0 1 1 0 0 1 1 0 ]
L = [ 4 16 10 15 14 20 9 8 13 11 ]
l = [ 4 16 10 15 14 20 9 8 13 11 ]
Pmin = [ 35 181 99 167 146 210 86 73 144 93 ]
Pmax = [ 35 345 181 316 268 420 145 128 267 186 ]
cf = [ 16.5508 54.0727 66.418 41.792 42.792 16.6157 30.1984 52.6073 29.0612 11.5647 ]
c0 = [ 79 232 139 223 187 250 123 115 192 124 ]
cp = [ 39.3681 19.2117 30.1608 23.6593 14.9812 8.15869 30.8961 24.7999 27.9874 23.1213 ]
D = [ 297 396 422 491 523 585 651 732 784 808 843 933 1001 1058 1070 1171 1157 1213 1329 1361 1418 1428 1550 1560 1617 1517 1451 1418 1338 1249 1177 1129 1086 986 879 972 1116 1180 1225 1367 1401 1293 1187 1101 921 848 734 560 480 540 543 634 699 742 749 797 840 947 948 1038 1034 1116 1187 1234 1274 1323 1391 1444 1509 1536 1605 1643 1678 1572 1539 1446 1414 1285 1217 1178 1133 1018 945 1068 1099 1211 1332 1356 1449 1320 1257 1095 997 879 714 605 ]
