n = 10 ; 
T = 96 ; 
Init = [ 0 1 0 1 0 0 1 0 1 1 ]
L = [ 18 17 7 15 16 4 12 10 11 18 ]
l = [ 18 17 7 15 16 4 12 10 11 18 ]
Pmin = [ 206 204 67 176 195 38 128 111 116 208 ]
Pmax = [ 377 371 114 331 351 50 242 196 217 400 ]
cf = [ 61.6958 47.3 69.1413 40.7533 32.4194 40.5518 14.0806 55.1276 27.3802 67.5664 ]
c0 = [ 250 250 104 224 250 75 170 153 160 250 ]
cp = [ 15.3178 20.2372 39.213 18.6823 8.97897 41.5697 30.8433 35.8244 32.0117 12.2607 ]
D = [ 357 411 440 549 671 699 789 877 882 974 1092 1165 1237 1278 1352 1480 1491 1635 1703 1764 1806 1886 1999 2009 2139 2041 1917 1848 1718 1601 1512 1392 1253 1209 1123 1154 1274 1416 1551 1600 1759 1602 1495 1316 1215 1018 892 817 629 684 713 769 894 958 989 1010 1088 1103 1180 1227 1350 1349 1408 1474 1500 1590 1617 1711 1741 1815 1855 1914 1998 1863 1784 1726 1638 1534 1394 1303 1198 1122 1032 1187 1221 1387 1418 1564 1691 1509 1412 1283 1134 952 833 746 ]
