n = 10 ; 
T = 96 ; 
Init = [ 1 1 1 1 1 0 1 0 0 0 ]
L = [ 11 17 20 17 9 16 18 10 12 12 ]
l = [ 11 17 20 17 9 16 18 10 12 12 ]
Pmin = [ 122 175 210 182 87 169 207 102 126 140 ]
Pmax = [ 232 345 420 352 159 323 410 172 233 252 ]
cf = [ 66.109 43.3682 48.1983 33.329 47.1441 59.2986 54.8564 28.9391 62.8569 30.5233 ]
c0 = [ 161 218 250 234 133 222 247 141 177 182 ]
cp = [ 32.3503 17.2111 8.6519 20.6806 25.6566 15.3087 9.24386 25.4451 29.557 17.4683 ]
D = [ 297 311 436 529 610 662 720 892 939 1041 1130 1169 1297 1328 1412 1493 1576 1723 1811 1871 1941 2048 2101 2229 2291 2197 2098 1976 1816 1743 1590 1472 1426 1314 1204 1275 1450 1532 1591 1729 1828 1729 1558 1340 1187 1114 893 738 664 710 718 846 903 998 1077 1171 1223 1294 1354 1405 1476 1596 1614 1658 1729 1874 1908 2032 2061 2128 2153 2263 2361 2208 2186 2043 1962 1870 1686 1645 1527 1377 1294 1359 1530 1553 1640 1792 1912 1742 1528 1402 1280 1112 958 835 ]
