n = 10 ; 
T = 96 ; 
Init = [ 1 0 0 0 0 1 1 1 1 1 ]
L = [ 10 7 7 20 7 12 5 18 9 5 ]
l = [ 10 7 7 20 7 12 5 18 9 5 ]
Pmin = [ 98 56 82 210 85 123 37 208 95 45 ]
Pmax = [ 193 96 125 420 133 220 50 395 169 64 ]
cf = [ 18.4938 52.8941 23.6602 58.3501 8.8144 64.6825 65.3096 28.2498 33.6672 44.9264 ]
c0 = [ 139 82 130 250 116 169 80 250 134 90 ]
cp = [ 23.8584 19.5065 30.4887 9.4801 40.3016 25.4117 41.23 15.4758 32.28 34.3306 ]
D = [ 298 319 343 405 427 517 516 564 648 702 708 764 831 832 925 965 978 1044 1057 1102 1181 1245 1291 1336 1347 1295 1248 1185 1106 1050 969 912 833 789 749 771 840 878 962 1011 1116 999 897 806 702 590 493 416 317 346 403 423 468 526 529 582 623 690 727 787 819 875 884 951 971 1025 1078 1138 1133 1194 1251 1292 1355 1274 1220 1150 1091 1023 944 907 825 817 757 797 867 886 993 1003 1104 1004 946 834 747 654 623 512 ]
