n = 10 ; 
T = 96 ; 
Init = [ 1 0 1 1 0 1 1 0 1 0 ]
L = [ 12 15 10 13 9 12 16 19 11 15 ]
l = [ 12 15 10 13 9 12 16 19 11 15 ]
Pmin = [ 123 165 105 155 89 139 186 205 106 175 ]
Pmax = [ 232 307 184 283 162 259 353 397 205 341 ]
cf = [ 33.3103 18.6253 59.4021 62.0577 58.951 16.3304 44.0512 31.2288 27.831 69.4888 ]
c0 = [ 173 219 146 202 122 190 235 250 154 227 ]
cp = [ 24.8786 21.079 29.8128 21.9941 26.3893 21.9072 13.5217 16.4378 31.5855 11.6311 ]
D = [ 340 363 486 513 619 649 733 837 935 1025 1097 1154 1218 1333 1374 1519 1515 1628 1739 1833 1848 1990 2031 2120 2164 2088 2025 1930 1750 1718 1573 1448 1360 1259 1175 1302 1340 1448 1507 1657 1684 1602 1410 1288 1149 1012 862 735 635 676 690 762 840 859 944 996 1063 1123 1187 1252 1328 1338 1446 1450 1525 1602 1638 1678 1795 1848 1889 1916 1959 1865 1781 1699 1632 1520 1430 1353 1318 1184 1120 1227 1361 1446 1639 1689 1869 1686 1548 1363 1226 1045 899 686 ]
