n = 10 ; 
T = 96 ; 
Init = [ 0 1 1 0 0 1 1 1 1 0 ]
L = [ 7 20 19 18 9 14 9 16 7 19 ]
l = [ 7 20 19 18 9 14 9 16 7 19 ]
Pmin = [ 73 210 210 197 72 156 81 176 71 200 ]
Pmax = [ 126 420 420 393 140 288 149 322 125 398 ]
cf = [ 41.9838 14.2595 41.8732 19.0257 35.2349 53.0601 37.0851 47.3023 11.4236 12.4311 ]
c0 = [ 102 250 250 250 107 194 125 230 108 250 ]
cp = [ 31.6335 8.9477 10.2982 14.0676 28.3231 26.6895 27.1419 27.2685 31.8548 11.414 ]
D = [ 454 476 619 643 729 833 869 925 963 1072 1172 1191 1262 1364 1449 1543 1534 1672 1713 1765 1832 1900 2022 2104 2119 2077 1973 1888 1747 1646 1564 1430 1374 1270 1183 1243 1367 1534 1580 1671 1782 1608 1492 1354 1212 1016 901 775 631 625 728 802 881 899 928 1001 1125 1115 1227 1247 1339 1412 1456 1521 1540 1669 1744 1739 1807 1894 1991 2011 2038 2001 1884 1759 1726 1624 1502 1429 1354 1179 1118 1257 1329 1431 1486 1621 1746 1598 1438 1245 1109 931 836 657 ]
