n = 10 ; 
T = 96 ; 
Init = [ 1 0 1 1 0 1 0 1 1 1 ]
L = [ 11 14 8 10 15 8 8 12 10 18 ]
l = [ 11 14 8 10 15 8 8 12 10 18 ]
Pmin = [ 117 163 75 107 145 88 99 120 102 190 ]
Pmax = [ 214 311 145 205 288 147 165 240 197 379 ]
cf = [ 34.2115 45.4903 48.6697 21.4579 25.4395 51.2655 48.5733 21.0896 18.8554 31.0917 ]
c0 = [ 155 212 104 156 193 137 128 154 137 249 ]
cp = [ 22.4497 18.015 29.1279 26.784 18.1448 37.1664 36.4282 26.2394 27.5963 13.2006 ]
D = [ 356 397 470 540 593 655 668 745 844 839 901 1024 1025 1091 1149 1278 1306 1377 1434 1505 1505 1593 1661 1704 1789 1731 1660 1525 1472 1406 1278 1217 1131 1092 963 1040 1173 1243 1336 1431 1512 1394 1262 1147 1034 900 777 631 527 574 592 656 713 754 845 839 910 944 1009 1046 1108 1161 1165 1208 1264 1350 1384 1446 1448 1489 1561 1629 1670 1597 1543 1458 1372 1259 1196 1106 1068 976 903 1036 1100 1156 1236 1323 1443 1321 1179 1018 902 793 627 520 ]
