n = 10 ; 
T = 96 ; 
Init = [ 0 0 1 1 0 1 0 1 1 1 ]
L = [ 14 15 5 19 17 12 6 9 8 13 ]
l = [ 14 15 5 19 17 12 6 9 8 13 ]
Pmin = [ 153 173 48 210 192 124 48 99 71 156 ]
Pmax = [ 288 315 71 416 373 243 64 168 132 277 ]
cf = [ 60.8456 66.765 64.3124 46.9564 37.5591 56.7002 23.5308 44.6516 34.0336 36.5969 ]
c0 = [ 204 216 90 250 241 156 87 136 108 206 ]
cp = [ 26.6923 15.419 37.3419 13.037 27.995 37.6299 38.1565 38.3252 29.5448 21.6914 ]
D = [ 239 334 396 417 471 582 597 688 766 848 921 964 1019 1064 1122 1190 1248 1313 1378 1493 1546 1634 1631 1711 1786 1719 1634 1536 1502 1382 1304 1229 1139 1058 1017 1055 1159 1207 1270 1311 1376 1271 1114 992 867 780 661 530 475 480 561 590 667 730 726 763 827 905 930 993 1032 1112 1141 1246 1252 1339 1371 1387 1434 1537 1545 1619 1643 1590 1494 1470 1373 1294 1212 1158 1110 1058 982 1031 1137 1233 1266 1385 1430 1329 1197 1122 972 895 796 678 ]
