n = 10 ; 
T = 96 ; 
Init = [ 1 1 0 1 1 1 1 0 0 1 ]
L = [ 4 19 7 17 18 19 9 5 15 13 ]
l = [ 4 19 7 17 18 19 9 5 15 13 ]
Pmin = [ 45 205 70 198 210 210 90 46 174 144 ]
Pmax = [ 53 408 115 387 404 420 164 80 332 260 ]
cf = [ 40.9648 29.1206 21.9695 17.6869 15.4864 11.4847 16.1497 31.0456 57.008 13.4446 ]
c0 = [ 80 245 117 240 250 250 126 88 225 192 ]
cp = [ 36.6353 15.2652 38.5773 11.2624 13.146 10.4451 26.9111 38.9821 14.4393 19.4401 ]
D = [ 300 435 453 521 576 620 765 773 900 885 1028 1011 1114 1210 1269 1283 1365 1408 1499 1576 1615 1702 1785 1845 1879 1847 1713 1707 1627 1492 1469 1403 1249 1178 1115 1220 1310 1419 1556 1618 1736 1599 1405 1297 1102 990 831 654 506 559 637 664 749 810 835 862 978 1014 1054 1176 1228 1268 1288 1346 1419 1485 1558 1653 1684 1720 1780 1858 1895 1792 1750 1669 1559 1515 1394 1294 1243 1140 1095 1170 1257 1367 1497 1639 1725 1577 1436 1257 1090 908 816 662 ]
