n = 10 ; 
T = 96 ; 
Init = [ 1 0 1 0 1 0 1 1 1 1 ]
L = [ 16 11 14 8 6 17 18 11 6 4 ]
l = [ 16 11 14 8 6 17 18 11 6 4 ]
Pmin = [ 180 126 149 80 58 207 210 107 45 48 ]
Pmax = [ 335 236 273 147 109 376 402 209 84 64 ]
cf = [ 20.2118 58.0218 48.7873 20.574 27.6339 30.5814 15.5731 15.0821 34.8957 35.4298 ]
c0 = [ 223 173 188 114 84 250 250 144 77 89 ]
cp = [ 17.3061 25.6674 17.3922 32.6527 36.897 11.7845 9.17141 35.5036 40.4325 41.5713 ]
D = [ 156 264 300 352 463 471 561 626 675 774 817 889 912 1029 1029 1157 1158 1276 1319 1360 1413 1533 1557 1609 1679 1633 1511 1437 1379 1242 1215 1136 1045 919 902 948 1002 1102 1151 1265 1329 1249 1118 1035 936 817 725 638 521 585 612 650 674 782 772 813 904 969 1001 1047 1105 1103 1197 1201 1241 1296 1359 1421 1447 1454 1519 1602 1619 1516 1454 1425 1391 1283 1230 1153 1137 1066 981 1017 1155 1234 1266 1377 1476 1370 1210 1124 971 859 732 648 ]
