n = 10 ; 
T = 96 ; 
Init = [ 1 1 0 1 1 0 0 1 1 0 ]
L = [ 15 4 8 15 16 7 10 11 14 8 ]
l = [ 15 4 8 15 16 7 10 11 14 8 ]
Pmin = [ 159 27 85 175 174 73 100 138 153 77 ]
Pmax = [ 313 36 135 323 342 137 168 236 273 139 ]
cf = [ 33.752 40.304 14.2157 13.9415 33.9025 51.6925 69.7399 43.7629 37.6391 13.6032 ]
c0 = [ 211 66 121 227 228 118 135 176 192 122 ]
cp = [ 22.7495 40.9151 37.1674 17.2691 18.0417 35.2877 31.0734 19.682 16.2848 35.816 ]
D = [ 245 277 312 406 427 500 550 574 688 692 795 840 872 905 1019 1023 1098 1148 1193 1268 1341 1335 1430 1474 1532 1482 1422 1316 1262 1245 1147 1052 1013 966 910 968 998 1067 1164 1255 1273 1179 1091 989 874 775 693 529 443 496 567 555 612 639 708 740 804 841 898 907 952 1001 1045 1094 1175 1174 1247 1267 1353 1357 1437 1457 1484 1467 1380 1312 1255 1189 1144 1018 961 943 833 925 1028 1079 1159 1212 1257 1177 1091 964 890 805 683 576 ]
