n = 10 ; 
T = 96 ; 
Init = [ 0 0 1 0 1 0 1 1 0 1 ]
L = [ 6 5 5 11 13 10 8 18 13 7 ]
l = [ 6 5 5 11 13 10 8 18 13 7 ]
Pmin = [ 70 47 56 115 122 103 77 210 147 76 ]
Pmax = [ 101 72 73 196 237 195 119 400 273 112 ]
cf = [ 18.7756 66.4144 67.0842 45.1391 13.664 7.86347 38.946 23.7889 48.4942 18.5785 ]
c0 = [ 117 81 91 167 166 141 113 250 187 108 ]
cp = [ 34.9806 38.4352 40.9607 26.8068 14.266 27.5416 39.3171 11.5883 27.2898 37.0171 ]
D = [ 252 291 303 353 393 431 478 546 586 606 651 682 758 789 828 846 928 953 1027 1035 1088 1102 1191 1231 1267 1177 1144 1080 1051 956 938 881 837 734 683 747 804 867 903 956 1051 953 859 796 685 642 555 482 358 424 450 473 507 580 630 624 681 729 735 799 852 868 934 940 992 1001 1048 1083 1134 1144 1205 1239 1298 1217 1177 1111 1058 994 925 892 801 776 728 750 823 904 938 1030 1067 970 879 775 712 594 514 410 ]
