n = 10 ; 
T = 96 ; 
Init = [ 0 0 0 1 0 0 0 0 1 1 ]
L = [ 13 15 4 11 5 12 8 15 17 6 ]
l = [ 13 15 4 11 5 12 8 15 17 6 ]
Pmin = [ 129 165 48 115 42 125 59 162 190 40 ]
Pmax = [ 257 313 57 230 51 243 116 318 377 79 ]
cf = [ 24.991 26.2651 16.2168 10.6364 21.5428 19.3127 36.8214 27.022 53.8366 68.5464 ]
c0 = [ 175 219 86 154 84 165 88 206 231 78 ]
cp = [ 20.704 10.7294 41.8768 33.8891 38.3357 20.7523 36.4347 20.429 12.8889 39.8473 ]
D = [ 285 384 430 449 478 589 581 688 720 760 836 903 927 953 999 1059 1127 1175 1225 1286 1346 1393 1473 1522 1531 1506 1424 1309 1261 1204 1155 1069 994 939 888 931 1011 1107 1140 1199 1284 1156 1046 984 830 715 595 524 376 416 469 502 596 602 655 695 720 823 857 896 950 953 999 1076 1107 1139 1161 1242 1275 1281 1321 1417 1415 1390 1306 1256 1214 1131 1066 1037 951 895 789 899 1017 1066 1172 1205 1314 1207 1100 949 869 698 581 488 ]
