n = 10 ; 
T = 96 ; 
Init = [ 1 0 0 1 0 0 1 1 1 1 ]
L = [ 10 16 15 17 15 9 12 5 16 20 ]
l = [ 10 16 15 17 15 9 12 5 16 20 ]
Pmin = [ 99 189 180 177 175 101 128 41 196 210 ]
Pmax = [ 179 343 323 341 313 186 230 63 357 420 ]
cf = [ 58.826 59.0059 61.4495 46.6346 60.0124 40.3409 39.6422 21.4306 68.9626 33.3953 ]
c0 = [ 140 232 236 233 216 147 162 71 250 250 ]
cp = [ 27.1442 19.4437 15.5934 12.0588 26.5269 30.307 33.1877 39.6367 29.1719 8.19784 ]
D = [ 372 432 538 636 731 766 811 879 971 1017 1118 1164 1242 1362 1445 1502 1562 1645 1706 1745 1848 1879 2010 2086 2094 2003 1937 1844 1736 1611 1528 1462 1325 1274 1141 1232 1351 1489 1576 1714 1826 1673 1517 1367 1169 1023 858 648 570 604 644 693 851 896 934 972 1124 1101 1192 1299 1333 1407 1524 1588 1641 1693 1762 1823 1878 1957 2072 2141 2215 2105 1931 1814 1713 1688 1513 1386 1326 1216 1071 1207 1273 1391 1497 1553 1673 1563 1419 1266 1069 972 815 697 ]
