n = 10 ; 
T = 96 ; 
Init = [ 0 0 1 0 0 1 1 1 0 0 ]
L = [ 19 14 12 7 12 13 16 7 12 8 ]
l = [ 19 14 12 7 12 13 16 7 12 8 ]
Pmin = [ 210 155 116 53 135 143 177 66 132 90 ]
Pmax = [ 397 299 217 105 231 267 348 92 242 162 ]
cf = [ 41.1202 40.4872 17.0794 44.0768 9.02682 17.634 21.7699 68.2813 22.5853 46.8868 ]
c0 = [ 250 204 148 87 175 196 218 98 172 125 ]
cp = [ 10.349 20.5347 31.7224 41.2664 22.4249 16.6398 15.9074 34.9062 22.5758 30.4181 ]
D = [ 366 396 417 533 527 620 679 749 794 804 865 956 985 1055 1152 1180 1265 1283 1360 1401 1454 1542 1588 1620 1651 1606 1523 1526 1400 1333 1323 1193 1178 1133 1064 1140 1206 1292 1382 1437 1555 1440 1319 1199 1097 939 790 718 531 637 689 706 795 836 871 879 976 1026 1084 1123 1168 1216 1232 1277 1327 1390 1465 1523 1510 1588 1668 1699 1752 1685 1600 1528 1419 1415 1292 1209 1184 1063 1027 1116 1219 1244 1371 1443 1547 1392 1239 1126 969 862 745 588 ]
