n = 10 ; 
T = 96 ; 
Init = [ 0 1 1 0 0 1 0 0 1 0 ]
L = [ 4 11 8 6 13 16 15 17 18 5 ]
l = [ 4 11 8 6 13 16 15 17 18 5 ]
Pmin = [ 26 111 72 57 134 189 170 187 209 39 ]
Pmax = [ 44 204 121 90 265 349 334 370 379 54 ]
cf = [ 69.8754 38.845 21.4847 7.78492 24.8291 34.1385 38.6439 18.6217 13.2499 64.2838 ]
c0 = [ 54 162 101 102 184 247 210 226 250 81 ]
cp = [ 36.8154 21.121 21.8827 36.6354 24.0165 14.8609 22.7749 15.4965 16.5719 40.637 ]
D = [ 249 330 348 443 514 579 652 693 773 833 863 954 1031 1051 1149 1205 1237 1298 1334 1423 1504 1551 1645 1703 1744 1678 1551 1512 1378 1297 1252 1156 1094 1005 869 994 1085 1137 1241 1350 1473 1326 1173 1091 975 785 697 551 449 449 546 580 612 681 739 774 809 856 914 944 1013 1030 1132 1159 1188 1234 1291 1372 1392 1421 1513 1543 1610 1497 1422 1389 1358 1239 1203 1139 1045 986 908 998 1087 1148 1151 1227 1287 1212 1108 1026 920 797 694 642 ]
