n = 10 ; 
T = 96 ; 
Init = [ 1 1 1 1 0 0 1 0 0 1 ]
L = [ 12 10 12 15 5 9 5 17 12 16 ]
l = [ 12 10 12 15 5 9 5 17 12 16 ]
Pmin = [ 130 91 136 170 48 100 45 195 140 172 ]
Pmax = [ 242 181 259 309 71 170 62 356 263 322 ]
cf = [ 46.9877 58.8474 52.8096 45.6707 37.0619 47.4152 22.9983 12.1571 67.8176 15.7 ]
c0 = [ 181 140 171 219 94 148 75 240 177 212 ]
cp = [ 24.1968 22.2288 31.8342 16.2489 40.8981 24.5164 40.8369 14.4002 22.2691 16.3489 ]
D = [ 243 265 374 416 481 526 589 659 717 743 844 895 948 1052 1094 1146 1209 1265 1310 1364 1485 1542 1568 1601 1724 1625 1523 1454 1409 1334 1240 1165 1050 1004 909 1019 1103 1156 1200 1281 1372 1267 1149 969 906 769 654 517 442 424 518 557 588 690 686 793 802 874 867 982 1036 1068 1123 1159 1165 1230 1287 1382 1373 1443 1517 1564 1563 1507 1494 1444 1362 1310 1243 1173 1128 1030 951 1028 1124 1208 1267 1398 1429 1304 1223 1054 988 836 729 619 ]
