n = 10 ; 
T = 96 ; 
Init = [ 0 1 0 1 0 0 1 1 1 0 ]
L = [ 9 19 12 18 20 14 6 12 9 14 ]
l = [ 9 19 12 18 20 14 6 12 9 14 ]
Pmin = [ 88 210 122 210 210 173 48 110 104 148 ]
Pmax = [ 163 414 241 408 419 319 91 214 174 273 ]
cf = [ 68.368 30.738 63.0646 31.0137 10.0302 13.5859 28.0716 35.914 22.0193 56.1357 ]
c0 = [ 135 250 173 250 250 211 88 154 150 190 ]
cp = [ 33.2439 11.8855 19.6881 13.486 9.11119 17.6678 28.9631 19.5198 24.2283 19.238 ]
D = [ 392 444 518 623 647 789 830 866 994 1055 1126 1221 1247 1312 1415 1497 1527 1576 1704 1780 1798 1932 1936 2058 2079 2056 1905 1840 1775 1683 1576 1451 1339 1233 1140 1254 1308 1458 1536 1554 1692 1534 1339 1196 1122 958 824 615 447 557 608 709 765 756 889 949 1021 1034 1078 1141 1250 1322 1352 1434 1498 1551 1594 1648 1747 1795 1832 1916 1979 1908 1812 1713 1676 1580 1521 1451 1310 1241 1210 1233 1355 1474 1496 1627 1698 1547 1433 1212 1072 926 816 587 ]
