n = 20 ; 
T = 96 ; 
Init = [ 0 0 0 0 1 0 0 1 1 0 1 0 1 1 1 1 1 0 0 1 ]
L = [ 6 18 16 12 9 10 11 5 5 14 14 14 9 9 8 6 6 18 19 13 ]
l = [ 6 18 16 12 9 10 11 5 5 14 14 14 9 9 8 6 6 18 19 13 ]
Pmin = [ 55 204 191 119 103 110 95 63 63 169 161 161 91 91 77 55 55 210 210 147 ]
Pmax = [ 88 405 365 234 173 189 190 88 88 300 290 290 155 155 134 80 80 414 415 275 ]
cf = [ 54.006 9.84735 42.1571 37.673 45.9145 49.2278 66.5538 60.5163 60.5163 62.5684 29.9738 29.9738 67.6144 67.6144 47.9357 13.0693 13.0693 23.6634 58.1552 53.0353 ]
c0 = [ 96 250 236 153 146 152 127 99 99 211 208 208 140 140 122 92 92 250 250 189 ]
cp = [ 37.9234 10.1481 12.5082 28.2891 26.7457 35.1972 31.5739 36.7007 36.7007 23.2183 17.4833 17.4833 34.7742 34.7742 36.4399 39.6792 39.6792 10.5751 9.9054 28.5109 ]
D = [ 656 715 849 998 1127 1213 1311 1488 1496 1583 1781 1957 2088 2111 2293 2340 2459 2591 2710 2855 2914 3021 3177 3264 3405 3277 3156 2965 2811 2713 2582 2331 2174 2060 1839 2026 2213 2464 2550 2787 3007 2768 2498 2324 2149 1784 1700 1365 1138 1347 1446 1531 1612 1672 1755 1891 1974 2118 2250 2371 2446 2585 2713 2700 2905 2930 3117 3148 3289 3369 3450 3611 3673 3530 3290 3220 2995 2890 2632 2523 2363 2100 1971 2133 2330 2525 2718 2894 2969 2783 2570 2369 2058 1868 1551 1340 ]
