n = 20 ; 
T = 96 ; 
Init = [ 1 0 0 0 1 0 0 1 0 1 0 1 0 1 0 0 1 1 0 1 ]
L = [ 6 6 8 6 6 6 6 6 8 8 15 9 18 14 14 16 16 18 6 6 ]
l = [ 6 6 8 6 6 6 6 6 8 8 15 9 18 14 14 16 16 18 6 6 ]
Pmin = [ 48 48 80 67 67 52 52 61 76 76 159 76 199 149 149 192 192 210 62 62 ]
Pmax = [ 92 92 150 106 106 90 90 108 135 135 306 150 386 288 288 364 364 407 84 84 ]
cf = [ 42.8719 42.8719 55.5391 15.0288 15.0288 42.4133 42.4133 68.5871 31.1719 31.1719 26.3043 26.6594 66.157 35.8269 35.8269 64.97 64.97 64.1168 33.5316 33.5316 ]
c0 = [ 93 93 128 102 102 86 86 87 122 122 207 115 250 197 197 234 234 250 107 107 ]
cp = [ 36.3487 36.3487 30.8921 34.1847 34.1847 41.0638 41.0638 34.4869 31.5007 31.5007 25.9957 25.3346 14.5212 13.2034 13.2034 21.1387 21.1387 10.0221 34.2922 34.2922 ]
D = [ 560 696 749 921 914 1146 1179 1336 1343 1435 1649 1712 1794 1872 2020 2173 2177 2324 2410 2542 2690 2788 2892 3004 3106 2936 2771 2704 2575 2412 2286 2083 1949 1771 1635 1798 1883 2083 2162 2284 2472 2197 2089 1790 1625 1423 1308 1042 848 886 1027 1181 1198 1279 1448 1445 1544 1654 1797 1862 1978 2019 2176 2227 2354 2368 2477 2524 2626 2769 2846 2942 3030 2943 2706 2626 2495 2336 2174 1997 1922 1811 1698 1859 1912 2187 2255 2454 2611 2486 2277 2079 1767 1625 1387 1112 ]
