n = 20 ; 
T = 96 ; 
Init = [ 0 1 0 0 1 0 0 0 0 1 0 0 0 0 1 1 0 0 1 1 ]
L = [ 15 15 13 13 9 9 10 10 14 14 12 12 11 11 18 20 16 9 5 5 ]
l = [ 15 15 13 13 9 9 10 10 14 14 12 12 11 11 18 20 16 9 5 5 ]
Pmin = [ 167 167 134 134 78 78 89 89 150 150 122 122 100 100 199 210 177 95 27 27 ]
Pmax = [ 314 314 265 265 155 155 175 175 287 287 228 228 191 191 394 420 352 172 37 37 ]
cf = [ 61.1881 61.1881 54.9403 54.9403 18.0861 18.0861 42.2751 42.2751 49.5189 49.5189 49.7199 49.7199 64.1116 64.1116 51.7803 29.1319 11.1594 17.4222 44.5437 44.5437 ]
c0 = [ 208 208 180 180 115 115 135 135 189 189 156 156 130 130 250 250 232 133 61 61 ]
cp = [ 30.0592 30.0592 24.7236 24.7236 26.3335 26.3335 20.4851 20.4851 25.615 25.615 27.5389 27.5389 34.1048 34.1048 16.3421 8.01121 12.8447 34.9593 37.6715 37.6715 ]
D = [ 609 646 781 967 1086 1123 1332 1434 1541 1647 1768 2045 2020 2277 2324 2420 2694 2814 2922 3019 3106 3295 3363 3575 3623 3418 3253 3137 2974 2783 2729 2460 2346 2127 2083 2151 2370 2597 2807 3003 3206 2937 2640 2387 2077 1866 1579 1245 952 1157 1211 1299 1336 1608 1698 1710 1924 1910 2143 2135 2242 2346 2531 2670 2788 2804 2951 3075 3238 3238 3495 3555 3711 3478 3330 3192 3036 2900 2786 2646 2435 2265 2101 2292 2420 2541 2802 2864 3028 2811 2492 2220 1996 1751 1338 1121 ]
