n = 20 ; 
T = 96 ; 
Init = [ 1 0 1 1 0 1 1 1 1 0 0 1 1 1 0 1 0 1 0 1 ]
L = [ 10 9 7 7 8 8 5 5 10 10 13 13 7 7 14 5 5 20 17 15 ]
l = [ 10 9 7 7 8 8 5 5 10 10 13 13 7 7 14 5 5 20 17 15 ]
Pmin = [ 103 96 56 56 83 83 38 38 109 110 136 136 58 58 147 42 42 210 196 174 ]
Pmax = [ 197 157 110 110 149 149 47 47 211 211 256 256 90 90 287 72 72 420 381 324 ]
cf = [ 49.684 20.3936 32.2955 32.2955 66.6018 66.6018 56.9273 56.9273 32.5795 30.7491 17.042 17.042 30.7841 30.7841 67.1264 42.0601 42.0601 57.7679 29.6386 11.7449 ]
c0 = [ 142 133 92 92 119 119 80 80 145 157 183 183 97 97 181 68 68 250 250 213 ]
cp = [ 28.3564 21.5434 35.8811 35.8811 34.1858 34.1858 39.5612 39.5612 17.4603 31.3361 17.9121 17.9121 35.431 35.431 18.5964 32.7554 32.7554 8.16524 14.2927 22.3958 ]
D = [ 277 430 551 675 759 885 970 1123 1273 1299 1433 1533 1684 1790 1918 2014 2069 2230 2397 2415 2594 2638 2799 2930 2965 2875 2745 2524 2409 2281 2102 1979 1763 1722 1482 1648 1775 1917 1996 2161 2346 2140 1985 1773 1560 1422 1323 1052 977 973 1040 1170 1315 1309 1475 1511 1605 1669 1766 1840 1942 1944 2141 2124 2201 2301 2465 2511 2631 2629 2765 2792 2866 2828 2606 2474 2375 2305 2107 1996 1968 1754 1690 1816 1864 1975 2055 2114 2206 2015 1909 1735 1464 1342 1197 921 ]
