n = 20 ; 
T = 96 ; 
Init = [ 0 0 1 1 1 0 0 1 0 1 1 0 1 1 0 1 1 1 0 0 ]
L = [ 18 16 6 11 16 16 12 12 10 10 5 12 12 10 13 16 16 12 12 11 ]
l = [ 18 16 6 11 16 16 12 12 10 10 5 12 12 10 13 16 16 12 12 11 ]
Pmin = [ 201 178 55 121 174 174 139 139 106 106 29 131 131 115 136 179 179 122 122 110 ]
Pmax = [ 394 347 82 221 336 336 260 260 186 186 42 241 241 213 261 352 352 234 234 197 ]
cf = [ 49.5621 21.9091 20.0872 64.2818 58.8158 58.8158 56.407 56.407 53.1094 53.1094 13.2452 61.9385 61.9385 50.2272 56.6987 58.0371 58.0371 16.5254 16.5254 25.5386 ]
c0 = [ 250 225 90 157 223 223 183 183 135 135 68 182 182 147 178 217 217 158 158 143 ]
cp = [ 10.45 17.3573 38.9719 24.4362 15.192 15.192 23.5536 23.5536 30.1129 30.1129 41.3822 23.5426 23.5426 22.1184 17.1041 19.3927 19.3927 30.5633 30.5633 28.9743 ]
D = [ 450 700 801 938 1133 1258 1323 1438 1740 1750 2032 2144 2328 2494 2565 2714 2899 2974 3186 3214 3422 3582 3803 3872 4121 3871 3705 3623 3331 3276 3145 2901 2765 2588 2333 2543 2641 2785 2961 3031 3219 2963 2796 2451 2213 1969 1809 1425 1160 1368 1382 1591 1613 1890 1969 2099 2225 2223 2378 2489 2578 2807 2881 2976 3062 3253 3218 3479 3568 3620 3708 3801 3941 3798 3544 3559 3343 3080 2893 2861 2693 2406 2287 2526 2537 2700 2956 3162 3210 2894 2669 2446 2062 1797 1556 1327 ]
