n = 20 ; 
T = 96 ; 
Init = [ 1 1 1 1 0 1 0 0 1 0 1 0 0 1 1 0 0 0 0 1 ]
L = [ 11 11 11 11 7 7 4 4 12 8 8 6 6 13 13 9 9 19 12 12 ]
l = [ 11 11 11 11 7 7 4 4 12 8 8 6 6 13 13 9 9 19 12 12 ]
Pmin = [ 129 129 111 111 76 76 38 38 121 75 75 53 53 136 136 99 99 210 132 132 ]
Pmax = [ 225 225 204 204 117 117 38 38 235 128 128 91 91 271 271 197 197 395 237 237 ]
cf = [ 13.6906 13.6906 26.3545 26.3545 28.4597 28.4597 66.0884 66.0884 33.0716 28.5752 28.5752 11.9847 11.9847 49.7574 49.7574 46.2419 46.2419 9.75736 66.2183 66.2183 ]
c0 = [ 171 171 147 147 115 115 67 67 167 119 119 85 85 170 170 131 131 250 172 172 ]
cp = [ 23.016 23.016 28.3004 28.3004 38.6158 38.6158 41.9248 41.9248 28.3874 32.8921 32.8921 37.004 37.004 26.6563 26.6563 32.9531 32.9531 10.4363 18.4676 18.4676 ]
D = [ 537 644 691 866 872 936 1029 1190 1258 1428 1521 1580 1587 1758 1810 1871 2028 2099 2190 2240 2423 2466 2560 2662 2749 2693 2476 2445 2277 2131 2037 1992 1860 1721 1630 1670 1891 2059 2167 2234 2480 2242 2059 1874 1584 1360 1273 1047 774 915 931 1011 1181 1283 1313 1454 1450 1553 1678 1781 1781 1934 1986 2013 2131 2238 2369 2453 2451 2601 2599 2706 2844 2742 2601 2390 2352 2260 2116 2014 1850 1766 1533 1730 1939 2056 2183 2304 2440 2260 2051 1884 1643 1533 1309 1103 ]
