n = 20 ; 
T = 96 ; 
Init = [ 1 1 0 0 0 0 0 0 0 0 0 1 0 1 1 0 0 0 1 1 ]
L = [ 17 4 4 7 7 18 6 6 14 12 6 16 16 6 6 5 5 15 10 11 ]
l = [ 17 4 4 7 7 18 6 6 14 12 6 16 16 6 6 5 5 15 10 11 ]
Pmin = [ 183 37 37 76 76 203 59 59 167 137 65 183 183 38 38 43 43 174 119 103 ]
Pmax = [ 362 40 40 136 136 398 84 84 308 246 117 346 346 62 62 76 76 345 207 204 ]
cf = [ 17.4812 16.4952 16.4952 28.1323 28.1323 67.7828 20.5419 20.5419 25.879 59.7549 66.7603 46.2987 46.2987 50.7803 50.7803 44.9908 44.9908 10.3082 9.12573 18.9267 ]
c0 = [ 229 67 67 116 116 249 97 97 210 170 98 238 238 80 80 81 81 230 167 134 ]
cp = [ 11.8939 41.7028 41.7028 26.643 26.643 15.8029 36.1155 36.1155 22.8849 18.5337 34.0995 18.0095 18.0095 35.4651 35.4651 39.2258 39.2258 19.3199 25.2111 28.8952 ]
D = [ 378 531 630 690 855 1001 1049 1213 1251 1382 1578 1628 1698 1909 1916 2126 2194 2260 2468 2556 2645 2757 2829 3030 3091 2951 2755 2612 2542 2321 2275 2146 1966 1775 1724 1755 2017 2059 2272 2329 2520 2315 2069 1846 1609 1389 1132 981 716 840 953 1067 1139 1253 1311 1437 1519 1591 1682 1848 1882 1991 2143 2206 2253 2449 2428 2628 2674 2787 2846 3030 3114 2995 2756 2652 2455 2283 2114 2059 1913 1758 1588 1717 1881 1972 2129 2275 2470 2266 1995 1771 1578 1360 1231 986 ]
