n = 20 ; 
T = 96 ; 
Init = [ 1 1 0 0 1 1 1 0 0 0 0 0 1 1 1 1 1 0 1 1 ]
L = [ 6 6 19 19 19 19 15 15 7 9 14 6 6 6 14 14 6 4 14 15 ]
l = [ 6 6 19 19 19 19 15 15 7 9 14 6 6 6 14 14 6 4 14 15 ]
Pmin = [ 49 49 210 210 204 204 176 176 83 90 155 62 46 46 143 156 47 39 159 157 ]
Pmax = [ 87 87 404 404 388 388 314 314 133 156 293 91 76 76 285 300 73 60 306 304 ]
cf = [ 18.0113 18.0113 59.2657 59.2657 51.2109 51.2109 46.7051 46.7051 15.1793 65.9781 63.5614 36.3981 37.4327 37.4327 67.241 7.97976 17.7131 59.3944 53.2282 47.3574 ]
c0 = [ 88 88 250 250 250 250 223 223 129 139 192 90 81 81 196 206 88 82 198 208 ]
cp = [ 39.0698 39.0698 12.5305 12.5305 12.7651 12.7651 24.2208 24.2208 31.2892 27.4114 16.8219 28.3827 37.4994 37.4994 23.743 20.3533 40.8625 40.6775 25.3676 15.6985 ]
D = [ 719 764 926 1127 1234 1335 1371 1586 1666 1855 1987 2036 2218 2279 2496 2591 2662 2904 2943 3163 3225 3271 3491 3563 3780 3615 3463 3195 3119 2886 2642 2578 2428 2220 2065 2246 2363 2633 2737 2973 3140 2939 2621 2368 1937 1708 1423 1102 749 918 1123 1229 1247 1351 1547 1663 1691 1824 1957 2106 2251 2216 2463 2528 2578 2712 2924 2900 3007 3256 3258 3428 3519 3410 3182 3111 2900 2785 2717 2499 2440 2302 2242 2345 2455 2570 2677 2702 2839 2603 2468 2109 1892 1727 1486 1208 ]
