n = 20 ; 
T = 96 ; 
Init = [ 0 1 1 1 1 1 0 1 0 0 0 0 1 1 1 0 1 1 1 1 ]
L = [ 9 12 15 6 5 4 4 4 14 16 16 11 9 6 6 7 7 15 15 19 ]
l = [ 9 12 15 6 5 4 4 4 14 16 16 11 9 6 6 7 7 15 15 19 ]
Pmin = [ 87 138 154 62 55 30 31 31 169 190 190 102 96 45 45 70 70 155 155 210 ]
Pmax = [ 161 250 286 85 73 54 31 31 302 349 349 190 170 85 85 126 126 286 286 409 ]
cf = [ 13.0959 18.1321 40.5095 34.9958 56.1235 10.409 26.1159 26.1159 20.6628 56.9914 56.9914 52.9496 18.049 42.0873 42.0873 66.4625 66.4625 24.562 24.562 65.2383 ]
c0 = [ 132 176 190 95 85 58 59 59 225 242 242 135 145 89 89 114 114 199 199 250 ]
cp = [ 26.7479 29.656 21.3372 36.8742 37.6 41.6678 41.2109 41.2109 21.779 12.9404 12.9404 28.0574 26.762 40.2505 40.2505 27.9195 27.9195 28.9765 28.9765 13.2176 ]
D = [ 389 610 606 790 867 967 1108 1195 1209 1338 1470 1521 1683 1804 1931 1952 2132 2176 2249 2340 2471 2582 2714 2803 2905 2805 2690 2519 2424 2188 2058 2033 1783 1681 1605 1749 1929 2044 2174 2399 2543 2325 1989 1815 1616 1438 1184 931 693 800 852 977 1100 1245 1274 1425 1572 1573 1740 1783 1973 1997 2066 2218 2352 2361 2502 2643 2673 2865 2899 2975 3138 3020 2830 2678 2521 2349 2148 1984 1818 1701 1560 1727 1830 2060 2145 2294 2558 2355 2093 1959 1679 1519 1302 1056 ]
