n = 20 ; 
T = 96 ; 
Init = [ 0 0 0 0 0 0 1 0 0 0 0 0 1 1 0 1 1 1 0 1 ]
L = [ 13 13 9 15 15 5 17 17 6 6 16 16 6 6 6 6 4 4 5 5 ]
l = [ 13 13 9 15 15 5 17 17 6 6 16 16 6 6 6 6 4 4 5 5 ]
Pmin = [ 123 123 106 163 163 36 190 190 66 66 179 179 58 50 50 63 33 33 46 46 ]
Pmax = [ 245 245 179 308 308 56 375 375 93 93 323 323 86 93 93 91 62 62 84 84 ]
cf = [ 36.1938 36.1938 54.8248 26.4177 26.4177 17.7085 13.3463 13.3463 64.943 64.943 51.4915 51.4915 18.4598 42.3403 42.3403 65.853 11.0547 11.0547 51.1522 51.1522 ]
c0 = [ 158 158 139 214 214 64 240 240 100 100 229 229 90 81 81 109 66 66 77 77 ]
cp = [ 22.9028 22.9028 31.0498 18.8364 18.8364 37.5598 16.8295 16.8295 38.5419 38.5419 24.5859 24.5859 35.3558 39.0364 39.0364 37.3497 38.1679 38.1679 39.6993 39.6993 ]
D = [ 479 544 642 717 916 942 1064 1174 1269 1374 1475 1547 1625 1787 1780 1905 1957 2157 2204 2345 2439 2446 2653 2670 2728 2652 2588 2416 2256 2135 2095 1952 1800 1635 1598 1671 1810 1920 2134 2145 2264 2176 1981 1774 1624 1453 1275 1081 867 983 1017 1160 1207 1317 1295 1469 1535 1619 1636 1786 1827 1918 1953 2106 2158 2203 2349 2367 2526 2520 2697 2739 2864 2693 2514 2385 2246 2180 2042 1919 1761 1704 1516 1709 1813 1908 2067 2156 2381 2156 1991 1729 1514 1303 1113 995 ]
