n = 20 ; 
T = 96 ; 
Init = [ 1 1 0 0 1 0 1 1 1 1 0 1 1 0 0 1 1 0 1 1 ]
L = [ 7 12 12 15 15 16 16 11 11 17 10 10 5 5 9 9 6 6 16 16 ]
l = [ 7 12 12 15 15 16 16 11 11 17 10 10 5 5 9 9 6 6 16 16 ]
Pmin = [ 57 147 147 174 174 185 185 115 115 206 103 103 43 43 103 103 43 43 180 180 ]
Pmax = [ 109 256 256 324 324 354 354 201 201 377 203 203 63 63 172 172 85 85 356 356 ]
cf = [ 49.9686 17.8088 17.8088 17.0699 17.0699 36.2584 36.2584 56.0581 56.0581 67.1598 24.1276 24.1276 14.5083 14.5083 27.6521 27.6521 51.4804 51.4804 11.1982 11.1982 ]
c0 = [ 93 183 183 229 229 224 224 161 161 247 151 151 68 68 133 133 83 83 233 233 ]
cp = [ 36.994 24.5151 24.5151 25.5683 25.5683 16.6692 16.6692 26.47 26.47 17.6258 27.457 27.457 41.4433 41.4433 34.0191 34.0191 39.0544 39.0544 11.954 11.954 ]
D = [ 665 777 908 982 1162 1288 1303 1563 1688 1753 1900 2054 2171 2293 2316 2496 2677 2664 2841 3035 3189 3295 3409 3517 3591 3502 3238 3146 2886 2792 2589 2530 2258 2227 1951 2248 2401 2529 2796 2950 3184 2844 2563 2326 1983 1766 1420 1133 954 1011 1212 1289 1407 1512 1655 1675 1903 1982 2056 2248 2378 2395 2555 2791 2888 3014 3132 3166 3288 3446 3579 3762 3850 3682 3496 3277 3169 2935 2846 2623 2489 2316 2048 2249 2397 2654 2754 3009 3058 2877 2640 2464 2180 1982 1755 1447 ]
