n = 20 ; 
T = 96 ; 
Init = [ 0 1 1 0 0 0 0 0 0 1 0 0 0 0 0 0 1 1 0 1 ]
L = [ 14 14 11 17 19 19 13 13 13 4 4 20 7 7 8 4 4 13 13 7 ]
l = [ 14 14 11 17 19 19 13 13 13 4 4 20 7 7 8 4 4 13 13 7 ]
Pmin = [ 167 167 121 210 210 210 146 146 165 42 42 210 71 71 83 42 42 149 149 66 ]
Pmax = [ 296 296 202 390 420 420 264 264 292 68 68 417 106 106 157 56 56 280 280 117 ]
cf = [ 17.7314 17.7314 22.0627 37.4689 41.2415 41.2415 62.7368 62.7368 42.89 30.5118 30.5118 32.6423 40.8902 40.8902 25.1573 23.2139 23.2139 23.1532 23.1532 63.6599 ]
c0 = [ 219 219 165 250 250 250 198 198 215 78 78 250 101 101 113 74 74 185 185 95 ]
cp = [ 26.4224 26.4224 24.7628 12.6379 12.0665 12.0665 21.2623 21.2623 30.4826 39.3181 39.3181 8.90275 30.775 30.775 30.2158 41.5553 41.5553 27.3637 27.3637 39.4274 ]
D = [ 657 790 936 1043 1110 1339 1466 1544 1648 1785 1920 2137 2242 2382 2455 2684 2819 2892 3062 3225 3255 3413 3571 3721 3792 3632 3425 3312 3091 2843 2694 2479 2397 2262 2023 2234 2389 2503 2825 2953 3072 2819 2620 2464 2219 1962 1737 1496 1194 1300 1419 1591 1669 1687 1818 1991 2039 2133 2237 2328 2527 2662 2730 2863 2976 2992 3065 3159 3375 3362 3610 3637 3799 3602 3443 3216 3043 2866 2713 2590 2414 2276 2056 2226 2540 2719 2957 3049 3383 2973 2734 2515 2135 1860 1669 1298 ]
