n = 20 ; 
T = 96 ; 
Init = [ 0 0 0 1 1 0 0 1 1 1 0 0 1 0 1 0 0 0 0 1 ]
L = [ 8 8 5 5 5 11 11 5 5 6 6 16 8 7 14 14 11 14 13 17 ]
l = [ 8 8 5 5 5 11 11 5 5 6 6 16 8 7 14 14 11 14 13 17 ]
Pmin = [ 83 83 50 42 42 126 126 52 52 35 35 167 79 60 150 150 107 167 144 204 ]
Pmax = [ 139 139 70 77 77 232 232 72 72 70 70 328 153 103 289 289 209 296 265 380 ]
cf = [ 30.9325 30.9325 59.9914 10.2399 10.2399 67.8435 67.8435 40.0462 40.0462 66.6527 66.6527 37.3297 37.2847 24.1817 55.8133 55.8133 57.4355 29.5149 13.6425 50.6638 ]
c0 = [ 112 112 81 85 85 168 168 83 83 60 60 222 109 102 205 205 148 212 194 250 ]
cp = [ 37.57 37.57 40.5698 38.4573 38.4573 21.343 21.343 40.8465 40.8465 30.9879 30.9879 13.6307 28.6254 37.1179 21.5367 21.5367 19.4278 19.4805 23.7555 16.174 ]
D = [ 585 686 710 761 936 1012 1098 1204 1307 1382 1432 1589 1731 1781 1912 1991 2044 2119 2293 2294 2513 2503 2684 2760 2856 2689 2546 2459 2290 2198 2022 1884 1795 1675 1492 1648 1800 2026 2192 2352 2428 2290 1997 1734 1550 1292 1138 911 666 681 817 866 998 1053 1194 1240 1380 1517 1607 1633 1720 1807 1954 1981 2074 2222 2293 2348 2430 2592 2689 2740 2849 2731 2642 2434 2348 2202 2166 1943 1847 1728 1590 1800 1912 2089 2252 2286 2507 2331 2087 1838 1657 1469 1281 1102 ]
