n = 20 ; 
T = 96 ; 
Init = [ 0 0 0 1 0 1 0 1 1 1 0 1 1 1 1 0 1 0 0 1 ]
L = [ 10 10 4 4 6 6 19 19 8 11 11 17 17 14 17 17 7 15 15 7 ]
l = [ 10 10 4 4 6 6 19 19 8 11 11 17 17 14 17 17 7 15 15 7 ]
Pmin = [ 112 112 33 33 54 54 205 205 75 115 115 210 210 143 181 181 68 168 168 61 ]
Pmax = [ 197 197 54 54 98 98 393 393 111 196 196 391 391 282 349 349 114 311 311 116 ]
cf = [ 54.0247 54.0247 52.507 52.507 14.587 14.587 63.2444 63.2444 10.5625 40.9814 40.9814 14.9125 14.9125 52.0832 59.6954 59.6954 56.9244 45.4199 45.4199 37.0274 ]
c0 = [ 156 156 75 75 87 87 250 250 103 164 164 250 250 177 225 225 109 215 215 108 ]
cp = [ 24.1803 24.1803 41.3064 41.3064 33.4527 33.4527 11.5012 11.5012 29.7549 28.3877 28.3877 10.6419 10.6419 17.51 21.7325 21.7325 35.1958 13.0023 13.0023 35.2112 ]
D = [ 488 564 778 920 977 1167 1271 1324 1582 1647 1727 1898 2062 2241 2265 2421 2570 2739 2927 2963 3109 3279 3324 3575 3634 3451 3245 3202 2994 2798 2733 2437 2353 2205 2086 2240 2297 2463 2705 2721 2989 2770 2415 2137 1965 1670 1417 1095 944 1035 1186 1207 1419 1519 1659 1835 1863 2034 2118 2325 2369 2454 2565 2789 2798 2939 3110 3157 3369 3520 3653 3660 3816 3588 3466 3387 3167 2892 2746 2615 2476 2358 2125 2238 2428 2544 2710 2972 2968 2860 2637 2318 2005 1770 1553 1293 ]
