n = 20 ; 
T = 96 ; 
Init = [ 1 0 0 1 0 0 0 1 1 1 1 1 0 0 1 0 0 0 1 0 ]
L = [ 10 10 10 18 18 15 15 11 11 11 11 16 16 10 10 13 13 11 11 9 ]
l = [ 10 10 10 18 18 15 15 11 11 11 11 16 16 10 10 13 13 11 11 9 ]
Pmin = [ 114 114 97 202 202 172 172 116 116 129 129 174 174 96 96 135 135 111 111 86 ]
Pmax = [ 199 199 189 379 379 317 317 206 206 218 218 330 330 182 182 246 246 196 196 163 ]
cf = [ 41.2445 41.2445 56.6059 17.6256 17.6256 34.4771 34.4771 16.2479 16.2479 11.0117 11.0117 64.4698 64.4698 22.4888 22.4888 28.9961 28.9961 58.9311 58.9311 34.5462 ]
c0 = [ 151 151 139 250 250 219 219 159 159 168 168 226 226 133 133 168 168 154 154 126 ]
cp = [ 35.6757 35.6757 34.4346 14.1295 14.1295 12.8813 12.8813 29.5881 29.5881 34.0226 34.0226 15.4234 15.4234 33.4042 33.4042 21.3572 21.3572 25.6974 25.6974 33.4467 ]
D = [ 681 752 867 1064 1254 1226 1384 1617 1658 1864 2045 2071 2250 2312 2536 2620 2792 2874 3104 3216 3303 3509 3519 3681 3801 3724 3593 3339 3324 3159 2907 2824 2596 2506 2305 2421 2636 2747 2962 3084 3266 2940 2724 2363 2144 1839 1607 1247 934 1128 1263 1400 1433 1643 1734 1932 2040 2017 2137 2304 2410 2507 2751 2830 3005 3053 3176 3296 3399 3612 3605 3854 3927 3726 3605 3350 3218 3143 2918 2729 2549 2339 2167 2418 2634 2772 2921 3125 3300 3027 2856 2596 2300 2074 1773 1532 ]
