n = 20 ; 
T = 96 ; 
Init = [ 0 0 1 1 0 0 1 1 1 0 0 0 1 0 0 1 1 1 1 0 ]
L = [ 7 7 9 18 18 11 11 8 8 7 5 5 17 17 5 13 5 5 11 9 ]
l = [ 7 7 9 18 18 11 11 8 8 7 5 5 17 17 5 13 5 5 11 9 ]
Pmin = [ 84 84 100 196 196 127 127 87 87 70 52 52 202 202 29 141 53 53 121 107 ]
Pmax = [ 130 130 182 385 385 220 220 167 167 111 84 84 375 375 56 276 80 80 205 176 ]
cf = [ 57.7895 57.7895 44.7303 34.7036 34.7036 53.8884 53.8884 47.9418 47.9418 22.9283 46.7607 46.7607 19.4792 19.4792 56.1541 15.3625 19.9908 19.9908 59.4054 26.1964 ]
c0 = [ 112 112 133 239 239 177 177 130 130 101 80 80 244 244 59 185 90 90 160 158 ]
cp = [ 37.0221 37.0221 34.3108 14.2968 14.2968 31.8139 31.8139 25.2917 25.2917 25.5453 38.7015 38.7015 20.6072 20.6072 41.066 25.7422 38.0683 38.0683 28.7719 35.6255 ]
D = [ 492 610 750 774 929 1007 1214 1201 1396 1506 1619 1759 1782 1975 2056 2128 2191 2360 2498 2575 2643 2821 2850 2955 3158 2938 2854 2706 2586 2507 2354 2117 2047 1925 1742 1844 2096 2137 2256 2454 2637 2408 2145 1890 1745 1454 1303 971 858 893 965 1165 1249 1307 1380 1519 1557 1667 1729 1778 1979 2010 2178 2149 2306 2400 2421 2569 2619 2744 2825 2943 2995 2885 2770 2700 2584 2416 2232 2170 2084 1879 1786 1953 1974 2123 2337 2443 2610 2307 2166 1956 1731 1526 1334 1174 ]
