n = 20 ; 
T = 96 ; 
Init = [ 0 0 0 1 0 1 1 1 1 1 1 1 0 0 0 0 1 0 1 0 ]
L = [ 9 18 18 16 17 17 15 8 6 8 11 7 12 12 14 14 14 17 17 9 ]
l = [ 9 18 18 16 17 17 15 8 6 8 11 7 12 12 14 14 14 17 17 9 ]
Pmin = [ 96 189 189 173 186 186 162 85 57 90 126 72 136 136 164 154 154 198 198 89 ]
Pmax = [ 171 364 364 344 368 368 311 132 82 160 226 123 249 249 318 285 285 380 380 176 ]
cf = [ 51.6941 37.4389 37.4389 19.5597 25.4652 25.4652 61.7057 22.3605 19.9934 50.0843 51.5478 64.4285 69.9155 69.9155 12.2908 26.8239 26.8239 19.7536 19.7536 57.5541 ]
c0 = [ 133 235 235 214 240 240 203 116 103 132 174 114 176 176 206 190 190 246 246 126 ]
cp = [ 21.8651 10.3139 10.3139 22.7487 18.3272 18.3272 21.2873 31.9847 37.2215 28.6172 32.0999 38.6584 18.1956 18.1956 28.5661 18.7648 18.7648 11.6436 11.6436 37.2348 ]
D = [ 808 970 1003 1115 1414 1459 1721 1777 1963 2046 2217 2477 2552 2817 2884 3000 3282 3366 3528 3590 3792 3912 4133 4213 4421 4279 4070 3937 3580 3385 3337 3159 2971 2603 2580 2777 2934 3259 3357 3743 3996 3528 3242 2835 2477 2300 1854 1623 1177 1376 1430 1703 1694 1812 2123 2116 2384 2516 2519 2616 2923 3079 3093 3286 3299 3458 3664 3746 3957 4095 4159 4335 4565 4210 4148 3950 3807 3489 3353 3093 3036 2818 2498 2711 3088 3161 3428 3740 3808 3606 3346 3052 2673 2290 2053 1748 ]
