n = 20 ; 
T = 96 ; 
Init = [ 1 1 1 0 1 1 1 1 1 1 1 0 0 1 0 0 0 1 0 1 ]
L = [ 10 18 18 10 10 10 10 10 19 16 16 6 16 16 16 5 4 4 11 13 ]
l = [ 10 18 18 10 10 10 10 10 19 16 16 6 16 16 16 5 4 4 11 13 ]
Pmin = [ 96 206 206 89 113 113 114 114 207 186 186 52 180 175 175 65 38 38 127 148 ]
Pmax = [ 184 387 387 172 214 214 204 204 392 347 347 73 341 336 336 93 48 48 227 286 ]
cf = [ 27.3565 47.7152 47.7152 14.4314 67.842 67.842 62.8269 62.8269 51.4803 33.2845 33.2845 22.6538 60.5655 67.2549 67.2549 23.6563 34.6927 34.6927 34.0746 58.9632 ]
c0 = [ 137 250 250 129 152 152 153 153 250 226 226 83 236 230 230 94 61 61 167 189 ]
cp = [ 32.9546 18.2538 18.2538 33.9097 21.5779 21.5779 28.6382 28.6382 12.9515 13.2819 13.2819 35.8965 11.7001 18.6794 18.6794 37.4263 41.1347 41.1347 28.7719 33.7788 ]
D = [ 800 835 1047 1173 1348 1324 1612 1668 1727 1988 2030 2234 2267 2455 2589 2641 2884 2872 3099 3235 3399 3452 3524 3770 3866 3669 3522 3264 3234 3055 2898 2683 2589 2340 2124 2447 2594 2732 2983 3239 3334 3173 2826 2500 2223 1882 1658 1319 1023 1117 1306 1306 1595 1690 1825 1923 2025 2110 2277 2296 2506 2614 2750 2893 3046 3056 3265 3378 3515 3519 3653 3747 4001 3798 3592 3370 3311 3137 2837 2690 2490 2434 2167 2355 2670 2815 3155 3276 3561 3231 2888 2546 2204 1876 1556 1246 ]
