n = 20 ; 
T = 96 ; 
Init = [ 0 0 0 1 1 1 1 1 1 0 1 0 0 0 0 0 1 1 1 1 ]
L = [ 18 18 18 5 11 4 4 12 12 11 9 10 18 18 13 13 6 14 14 7 ]
l = [ 18 18 18 5 11 4 4 12 12 11 9 10 18 18 13 13 6 14 14 7 ]
Pmin = [ 196 209 209 47 117 54 54 135 135 111 99 97 188 188 145 145 49 152 152 75 ]
Pmax = [ 392 381 381 72 229 69 69 239 239 205 167 175 367 367 264 264 89 285 285 130 ]
cf = [ 55.955 65.5157 65.5157 24.9487 21.4756 33.1428 33.1428 19.2872 19.2872 47.3255 14.1119 27.6355 39.8735 39.8735 64.4759 64.4759 46.0532 65.4952 65.4952 32.7336 ]
c0 = [ 242 250 250 82 165 79 79 180 180 152 144 147 238 238 184 184 74 198 198 119 ]
cp = [ 9.68592 16.7375 16.7375 40.3811 19.8421 41.8678 41.8678 30.8587 30.8587 26.1286 23.3675 33.3037 15.1253 15.1253 20.1129 20.1129 31.9036 30.8932 30.8932 27.2225 ]
D = [ 553 761 870 1079 1238 1303 1468 1654 1779 1935 1982 2240 2302 2429 2554 2819 2842 3087 3234 3339 3415 3656 3763 3823 4032 3861 3683 3482 3316 3141 2897 2794 2685 2407 2200 2463 2632 2803 2939 3091 3276 3057 2725 2570 2336 1986 1782 1599 1190 1320 1470 1578 1710 1839 1789 1927 1992 2189 2228 2365 2535 2661 2622 2788 2875 2982 3158 3109 3309 3413 3554 3659 3642 3591 3440 3216 3028 2817 2745 2555 2373 2179 2166 2159 2480 2630 2659 2944 3019 2760 2512 2261 2026 1808 1621 1371 ]
