n = 20 ; 
T = 96 ; 
Init = [ 1 0 0 1 0 1 0 0 1 0 0 1 1 1 0 1 1 1 1 1 ]
L = [ 17 17 8 8 17 17 13 14 14 16 6 15 15 20 13 13 14 17 8 8 ]
l = [ 17 17 8 8 17 17 13 14 14 16 6 15 15 20 13 13 14 17 8 8 ]
Pmin = [ 183 183 67 81 176 176 147 152 152 168 65 170 170 210 157 157 163 200 69 69 ]
Pmax = [ 349 349 122 133 342 342 290 277 277 319 107 314 314 420 276 276 295 378 134 134 ]
cf = [ 67.323 67.323 22.0392 24.0784 39.2494 39.2494 27.9003 16.8923 16.8923 68.1419 36.1119 22.8878 22.8878 30.7001 19.0153 19.0153 24.975 52.3996 24.4365 24.4365 ]
c0 = [ 221 221 101 111 231 231 190 198 198 208 93 214 214 250 202 202 216 250 99 99 ]
cp = [ 15.9172 15.9172 27.5915 28.6312 24.9675 24.9675 24.5512 21.5155 21.5155 18.6343 38.3086 10.8169 10.8169 8.31253 26.2165 26.2165 28.1101 12.4202 30.9011 30.9011 ]
D = [ 694 1014 1146 1229 1319 1490 1665 1812 1989 2213 2324 2466 2652 2660 2962 2972 3144 3263 3562 3645 3731 3833 4059 4237 4328 4221 3945 3736 3686 3444 3188 3155 2883 2812 2512 2795 2958 3298 3580 3772 3987 3685 3327 3035 2795 2389 2159 1741 1467 1645 1704 1813 2094 2122 2358 2374 2525 2705 2827 2884 3142 3312 3298 3461 3678 3823 3966 3990 4087 4248 4544 4544 4785 4423 4352 4073 3941 3682 3386 3158 2944 2774 2522 2694 3061 3150 3405 3790 3925 3629 3197 2917 2658 2279 2029 1651 ]
