n = 20 ; 
T = 96 ; 
Init = [ 1 1 0 1 0 0 0 0 1 1 0 1 0 0 0 0 0 1 1 1 ]
L = [ 17 12 12 14 14 17 17 10 14 14 9 9 18 18 4 10 10 17 5 19 ]
l = [ 17 12 12 14 14 17 17 10 14 14 9 9 18 18 4 10 10 17 5 19 ]
Pmin = [ 188 119 119 147 147 180 180 96 150 150 98 84 207 207 36 97 97 203 34 210 ]
Pmax = [ 355 220 220 262 262 355 355 189 292 292 174 155 411 411 68 190 190 383 53 420 ]
cf = [ 66.2956 57.1143 57.1143 61.3583 61.3583 27.7314 27.7314 65.0453 62.9827 62.9827 22.8164 28.3456 44.9025 44.9025 36.9812 40.7663 40.7663 22.7999 25.2399 32.3015 ]
c0 = [ 240 168 168 199 199 235 235 130 198 198 131 129 250 250 77 131 131 246 63 250 ]
cp = [ 20.97 29.6759 29.6759 18.7952 18.7952 17.5333 17.5333 24.7739 20.731 20.731 30.4445 31.1109 10.4324 10.4324 40.1526 29.2505 29.2505 16.2435 41.1287 10.0382 ]
D = [ 449 741 895 1078 1153 1226 1538 1585 1864 1879 2041 2314 2399 2577 2708 2962 2959 3228 3296 3508 3714 3871 3984 4240 4213 4044 3849 3760 3638 3364 3116 2900 2761 2703 2513 2683 2932 3093 3346 3524 3737 3309 3110 2759 2546 2128 1874 1693 1396 1456 1533 1793 1844 2019 2149 2307 2421 2521 2533 2775 2873 3044 3138 3193 3414 3480 3545 3626 3782 3978 4133 4160 4390 4144 3839 3699 3616 3342 3147 2988 2845 2604 2388 2540 2719 2877 3064 3233 3369 3167 2792 2624 2277 2065 1637 1387 ]
