n = 20 ; 
T = 96 ; 
Init = [ 0 0 0 0 1 1 1 0 0 0 0 1 0 0 0 1 1 0 1 0 ]
L = [ 7 13 17 11 15 15 9 19 19 14 11 11 7 12 12 5 9 9 9 18 ]
l = [ 7 13 17 11 15 15 9 19 19 14 11 11 7 12 12 5 9 9 9 18 ]
Pmin = [ 65 159 193 106 168 168 86 204 204 163 117 117 73 131 131 46 98 101 101 210 ]
Pmax = [ 91 289 363 210 318 318 157 391 391 293 212 212 114 240 240 65 172 172 172 390 ]
cf = [ 32.8489 61.1399 22.3854 9.72016 44.6123 44.6123 20.7035 32.7679 32.7679 34.1157 28.6813 28.6813 9.398 33.1532 33.1532 19.8053 10.3618 46.4737 46.4737 52.4792 ]
c0 = [ 109 194 236 147 220 220 114 250 250 215 152 152 105 164 164 73 128 143 143 250 ]
cp = [ 34.24 18.4321 11.6569 33.2391 26.7826 26.7826 25.226 16.942 16.942 21.4695 31.7774 31.7774 38.153 35.0908 35.0908 33.645 27.6894 34.1776 34.1776 16.3265 ]
D = [ 594 870 877 1120 1157 1390 1431 1547 1672 1854 2068 2125 2341 2382 2601 2763 2870 3052 3188 3219 3418 3566 3749 3869 3903 3823 3567 3487 3299 3132 3003 2808 2602 2342 2252 2453 2621 2767 2945 3099 3112 2973 2654 2529 2292 2054 1776 1508 1267 1467 1620 1738 1855 1925 2029 2153 2268 2352 2442 2648 2816 2948 2986 3141 3293 3326 3511 3581 3705 3823 3889 4009 4258 3966 3801 3501 3421 3178 3017 2666 2503 2376 2200 2279 2523 2753 3013 3254 3447 3168 2808 2539 2273 2008 1597 1364 ]
