n = 20 ; 
T = 96 ; 
Init = [ 0 1 0 1 1 1 1 0 0 1 1 1 0 1 0 1 0 1 1 0 ]
L = [ 8 7 17 12 6 6 13 13 6 14 14 7 13 8 14 11 11 10 12 12 ]
l = [ 8 7 17 12 6 6 13 13 6 14 14 7 13 8 14 11 11 10 12 12 ]
Pmin = [ 77 76 189 124 53 53 146 146 41 157 157 74 161 69 138 112 112 99 128 128 ]
Pmax = [ 152 121 374 227 93 93 267 267 73 279 279 135 291 136 270 210 210 179 231 231 ]
cf = [ 42.4972 20.2776 69.2372 66.5193 49.5442 49.5442 46.6292 46.6292 66.7094 59.9809 59.9809 25.0851 23.0118 58.3033 59.0177 24.2539 24.2539 67.6856 67.138 67.138 ]
c0 = [ 115 103 231 158 78 78 194 194 83 209 209 123 200 111 172 164 164 147 173 173 ]
cp = [ 33.3151 28.7801 22.9497 32.8175 39.1887 39.1887 19.3513 19.3513 39.3166 14.0406 14.0406 36.8331 19.7742 32.1736 18.0953 28.2815 28.2815 25.2384 22.3957 22.3957 ]
D = [ 339 472 602 704 895 971 1184 1322 1365 1571 1669 1854 1959 2040 2293 2392 2558 2662 2679 2948 3051 3119 3285 3421 3529 3330 3236 3030 2951 2753 2662 2359 2312 2069 1886 2065 2233 2447 2632 2711 2850 2606 2493 2209 1915 1773 1457 1196 1028 1021 1138 1345 1402 1472 1609 1628 1766 1909 2041 2095 2214 2217 2431 2457 2638 2624 2781 2806 2916 3028 3146 3202 3386 3233 3109 2851 2812 2579 2514 2323 2133 1937 1855 2097 2197 2327 2490 2779 2954 2567 2377 2140 1808 1584 1275 1025 ]
