n = 20 ; 
T = 96 ; 
Init = [ 1 0 1 1 0 0 0 0 0 1 1 1 0 1 1 0 0 1 0 0 ]
L = [ 16 16 8 8 5 5 12 12 5 14 14 8 8 19 19 5 9 9 19 12 ]
l = [ 16 16 8 8 5 5 12 12 5 14 14 8 8 19 19 5 9 9 19 12 ]
Pmin = [ 173 173 69 69 57 57 132 132 42 164 164 75 75 210 210 46 96 96 206 121 ]
Pmax = [ 333 333 131 131 87 87 229 229 57 300 300 138 138 418 418 56 157 157 400 237 ]
cf = [ 23.0561 23.0561 16.2198 16.2198 69.714 69.714 38.6798 38.6798 24.8163 38.8962 38.8962 62.2922 62.2922 63.019 63.019 49.775 62.5177 62.5177 44.4531 69.5152 ]
c0 = [ 216 216 98 98 101 101 180 180 74 214 214 109 109 250 250 89 143 143 250 157 ]
cp = [ 13.0719 13.0719 35.5344 35.5344 39.7314 39.7314 28.8487 28.8487 40.5317 21.1416 21.1416 33.9148 33.9148 10.5224 10.5224 36.0481 23.5856 23.5856 10.447 16.6816 ]
D = [ 717 864 916 1142 1210 1417 1548 1599 1782 1837 2009 2071 2184 2358 2387 2531 2661 2752 2899 3101 3229 3330 3487 3606 3736 3574 3384 3221 2969 2874 2748 2537 2309 2270 2006 2168 2344 2378 2468 2705 2828 2607 2266 2018 1850 1572 1346 1185 896 934 1062 1204 1372 1343 1553 1632 1797 1801 1973 2105 2166 2218 2402 2528 2546 2687 2812 2846 3040 3154 3257 3254 3379 3309 3143 3055 2827 2753 2523 2486 2344 2136 1979 2188 2291 2370 2553 2715 2849 2721 2378 2248 1910 1801 1536 1266 ]
