n = 20 ; 
T = 96 ; 
Init = [ 0 1 1 1 0 0 1 1 0 0 1 0 1 0 0 0 0 0 1 0 ]
L = [ 8 8 8 8 7 14 14 14 9 4 9 10 10 15 15 12 12 10 10 16 ]
l = [ 8 8 8 8 7 14 14 14 9 4 9 10 10 15 15 12 12 10 10 16 ]
Pmin = [ 77 77 91 91 61 142 156 156 83 22 80 95 95 156 156 116 116 114 114 190 ]
Pmax = [ 123 123 145 145 113 277 310 310 157 34 137 171 171 310 310 222 222 201 201 354 ]
cf = [ 66.4982 66.4982 63.6826 63.6826 48.729 43.5159 56.7437 56.7437 49.9743 69.4972 7.18674 55.5571 55.5571 38.4859 38.4859 30.4245 30.4245 21.0573 21.0573 15.1987 ]
c0 = [ 113 113 132 132 106 176 194 194 113 55 129 139 139 193 193 149 149 153 153 228 ]
cp = [ 32.716 32.716 34.7015 34.7015 31.9931 18.1479 30.7672 30.7672 33.7253 41.3293 30.3018 33.0203 33.0203 27.6847 27.6847 26.7046 26.7046 22.2188 22.2188 15.3044 ]
D = [ 639 870 872 966 1159 1215 1299 1485 1652 1724 1796 1946 2064 2137 2254 2332 2532 2627 2692 2772 3005 3072 3175 3313 3453 3256 3085 2872 2702 2584 2481 2239 2093 1879 1763 1880 2083 2266 2456 2567 2709 2603 2353 2100 1809 1562 1418 1213 900 962 1079 1272 1325 1392 1578 1677 1659 1765 1881 1957 2110 2176 2289 2315 2549 2606 2607 2823 2862 2987 2999 3168 3236 3188 2946 2822 2768 2612 2481 2267 2220 2109 1844 2022 2147 2238 2417 2572 2672 2531 2328 2146 1829 1642 1533 1208 ]
